(NADA[1]).ET	(NAMPT[0]).ET	(NAMPT[1]).ET	(NNMT[0]).ET	(SIRT[0]).Flux	(SIRT[1]).Flux	[NAD{Host}]	[NAD{Pathogen}]	Values[Nam transporter].InitialValue	Values[cell devision all].InitialValue	(Nam uptake).v
100	100	0	0	7.61357e-07	6.54175e-07	0.00381669	40.7138	100	2.7e-06	0.0001
100	100	0	0	7.61336e-07	6.54192e-07	0.00381631	38.8603	100	2.82828e-06	0.0001
100	100	0	0	7.61315e-07	6.54209e-07	0.00381592	37.091	100	2.96265e-06	0.0001
100	100	0	0	7.61292e-07	6.54227e-07	0.00381552	35.4018	100	3.1034e-06	0.0001
100	100	0	0	7.61269e-07	6.54245e-07	0.0038151	33.7893	100	3.25084e-06	0.0001
100	100	0	0	7.61245e-07	6.54263e-07	0.00381466	32.25	100	3.40529e-06	0.0001
100	100	0	0	7.61219e-07	6.54282e-07	0.00381422	30.7805	100	3.56707e-06	0.0001
100	100	0	0	7.61193e-07	6.543e-07	0.00381375	29.3776	100	3.73654e-06	0.0001
100	100	0	0	7.61166e-07	6.54318e-07	0.00381328	28.0384	100	3.91406e-06	0.0001
100	100	0	0	7.61138e-07	6.54337e-07	0.00381278	26.76	100	4.10001e-06	0.0001
100	100	0	0	7.61109e-07	6.54355e-07	0.00381228	25.5395	100	4.2948e-06	0.0001
100	100	0	0	7.61079e-07	6.54373e-07	0.00381175	24.3744	100	4.49885e-06	0.0001
100	100	0	0	7.61048e-07	6.5439e-07	0.00381122	23.2622	100	4.71258e-06	0.0001
100	100	0	0	7.61016e-07	6.54408e-07	0.00381066	22.2005	100	4.93648e-06	0.0001
100	100	0	0	7.60983e-07	6.54425e-07	0.00381009	21.1869	100	5.17101e-06	0.0001
100	100	0	0	7.60948e-07	6.54441e-07	0.00380951	20.2193	100	5.41668e-06	0.0001
100	100	0	0	7.60913e-07	6.54456e-07	0.00380891	19.2956	100	5.67402e-06	0.0001
100	100	0	0	7.60876e-07	6.54471e-07	0.0038083	18.4138	100	5.94359e-06	0.0001
100	100	0	0	7.60838e-07	6.54485e-07	0.00380767	17.5721	100	6.22597e-06	0.0001
100	100	0	0	7.60799e-07	6.54498e-07	0.00380702	16.7685	100	6.52176e-06	0.0001
100	100	0	0	7.60759e-07	6.54509e-07	0.00380636	16.0014	100	6.8316e-06	0.0001
100	100	0	0	7.60718e-07	6.54519e-07	0.00380569	15.2691	100	7.15617e-06	0.0001
100	100	0	0	7.60675e-07	6.54527e-07	0.003805	14.57	100	7.49615e-06	0.0001
100	100	0	0	7.60632e-07	6.54534e-07	0.0038043	13.9027	100	7.85229e-06	0.0001
100	100	0	0	7.60587e-07	6.54539e-07	0.00380359	13.2657	100	8.22535e-06	0.0001
100	100	0	0	7.60541e-07	6.54541e-07	0.00380286	12.6575	100	8.61613e-06	0.0001
100	100	0	0	7.60494e-07	6.54541e-07	0.00380212	12.077	100	9.02548e-06	0.0001
100	100	0	0	7.60445e-07	6.54539e-07	0.00380137	11.5228	100	9.45427e-06	0.0001
100	100	0	0	7.60396e-07	6.54533e-07	0.00380061	10.9938	100	9.90344e-06	0.0001
100	100	0	0	7.60345e-07	6.54524e-07	0.00379983	10.4888	100	1.03739e-05	0.0001
100	100	0	0	7.60294e-07	6.54512e-07	0.00379905	10.0067	100	1.08668e-05	0.0001
100	100	0	0	7.60241e-07	6.54496e-07	0.00379826	9.54647	100	1.13831e-05	0.0001
100	100	0	0	7.60187e-07	6.54477e-07	0.00379746	9.10715	100	1.19239e-05	0.0001
100	100	0	0	7.60132e-07	6.54452e-07	0.00379665	8.68778	100	1.24904e-05	0.0001
100	100	0	0	7.60076e-07	6.54423e-07	0.00379583	8.28745	100	1.30838e-05	0.0001
100	100	0	0	7.60019e-07	6.54389e-07	0.00379501	7.90529	100	1.37054e-05	0.0001
100	100	0	0	7.59962e-07	6.5435e-07	0.00379418	7.54048	100	1.43565e-05	0.0001
100	100	0	0	7.59903e-07	6.54305e-07	0.00379335	7.19223	100	1.50386e-05	0.0001
100	100	0	0	7.59844e-07	6.54253e-07	0.00379252	6.85979	100	1.57531e-05	0.0001
100	100	0	0	7.59784e-07	6.54196e-07	0.00379169	6.54245	100	1.65015e-05	0.0001
100	100	0	0	7.59723e-07	6.54131e-07	0.00379085	6.23952	100	1.72855e-05	0.0001
100	100	0	0	7.59661e-07	6.54058e-07	0.00379001	5.95034	100	1.81067e-05	0.0001
100	100	0	0	7.59599e-07	6.53978e-07	0.00378917	5.67429	100	1.89669e-05	0.0001
100	100	0	0	7.59536e-07	6.5389e-07	0.00378834	5.41077	100	1.98681e-05	0.0001
100	100	0	0	7.59473e-07	6.53793e-07	0.00378751	5.15922	100	2.0812e-05	0.0001
100	100	0	0	7.5941e-07	6.53686e-07	0.00378668	4.91909	100	2.18007e-05	0.0001
100	100	0	0	7.59345e-07	6.5357e-07	0.00378585	4.68986	100	2.28365e-05	0.0001
100	100	0	0	7.59281e-07	6.53444e-07	0.00378503	4.47104	100	2.39214e-05	0.0001
100	100	0	0	7.59216e-07	6.53306e-07	0.00378421	4.26215	100	2.50579e-05	0.0001
100	100	0	0	7.59151e-07	6.53157e-07	0.0037834	4.06275	100	2.62484e-05	0.0001
100	100	0	0	7.59085e-07	6.52996e-07	0.00378259	3.8724	100	2.74955e-05	0.0001
100	100	0	0	7.5902e-07	6.52823e-07	0.0037818	3.6907	100	2.88017e-05	0.0001
100	100	0	0	7.58954e-07	6.52636e-07	0.00378101	3.51724	100	3.01701e-05	0.0001
100	100	0	0	7.58888e-07	6.52435e-07	0.00378022	3.35166	100	3.16035e-05	0.0001
100	100	0	0	7.58821e-07	6.5222e-07	0.00377945	3.1936	100	3.31049e-05	0.0001
100	100	0	0	7.58755e-07	6.51989e-07	0.00377868	3.04271	100	3.46777e-05	0.0001
100	100	0	0	7.58688e-07	6.51742e-07	0.00377792	2.89867	100	3.63252e-05	0.0001
100	100	0	0	7.58621e-07	6.51478e-07	0.00377716	2.76117	100	3.8051e-05	0.0001
100	100	0	0	7.58554e-07	6.51196e-07	0.00377642	2.62992	100	3.98588e-05	0.0001
100	100	0	0	7.58486e-07	6.50896e-07	0.00377568	2.50462	100	4.17525e-05	0.0001
100	100	0	0	7.58418e-07	6.50576e-07	0.00377494	2.38501	100	4.37361e-05	0.0001
100	100	0	0	7.5835e-07	6.50236e-07	0.00377422	2.27083	100	4.5814e-05	0.0001
100	100	0	0	7.58282e-07	6.49873e-07	0.0037735	2.16183	100	4.79906e-05	0.0001
100	100	0	0	7.58213e-07	6.49488e-07	0.00377278	2.05779	100	5.02706e-05	0.0001
100	100	0	0	7.58143e-07	6.4908e-07	0.00377207	1.95846	100	5.26589e-05	0.0001
100	100	0	0	7.58073e-07	6.48645e-07	0.00377137	1.86364	100	5.51607e-05	0.0001
100	100	0	0	7.58002e-07	6.48185e-07	0.00377066	1.77313	100	5.77814e-05	0.0001
100	100	0	0	7.5793e-07	6.47696e-07	0.00376996	1.68673	100	6.05266e-05	0.0001
100	100	0	0	7.57858e-07	6.47179e-07	0.00376926	1.60425	100	6.34021e-05	0.0001
100	100	0	0	7.57784e-07	6.4663e-07	0.00376856	1.52551	100	6.64143e-05	0.0001
100	100	0	0	7.5771e-07	6.46048e-07	0.00376786	1.45035	100	6.95696e-05	0.0001
100	100	0	0	7.57634e-07	6.45431e-07	0.00376716	1.3786	100	7.28749e-05	0.0001
100	100	0	0	7.57557e-07	6.44778e-07	0.00376645	1.31011	100	7.63371e-05	0.0001
100	100	0	0	7.57478e-07	6.44086e-07	0.00376574	1.24473	100	7.99638e-05	0.0001
100	100	0	0	7.57397e-07	6.43353e-07	0.00376502	1.18232	100	8.37629e-05	0.0001
100	100	0	0	7.57315e-07	6.42577e-07	0.00376429	1.12274	100	8.77424e-05	0.0001
100	100	0	0	7.57231e-07	6.41754e-07	0.00376356	1.06587	100	9.1911e-05	0.0001
100	100	0	0	7.57144e-07	6.40882e-07	0.00376281	1.01158	100	9.62776e-05	0.0001
100	100	0	0	7.57055e-07	6.39958e-07	0.00376205	0.959754	100	0.000100852	0.0001
100	100	0	0	7.56963e-07	6.38979e-07	0.00376128	0.910286	100	0.000105643	0.0001
100	100	0	0	7.56869e-07	6.3794e-07	0.00376049	0.863065	100	0.000110662	0.0001
100	100	0	0	7.56772e-07	6.36838e-07	0.00375968	0.81799	100	0.00011592	0.0001
100	100	0	0	7.56671e-07	6.35669e-07	0.00375886	0.774965	100	0.000121427	0.0001
100	100	0	0	7.56567e-07	6.34428e-07	0.00375801	0.733895	100	0.000127196	0.0001
100	100	0	0	7.56459e-07	6.3311e-07	0.00375713	0.694693	100	0.000133239	0.0001
100	100	0	0	7.56347e-07	6.31709e-07	0.00375623	0.657274	100	0.000139569	0.0001
100	100	0	0	7.5623e-07	6.3022e-07	0.0037553	0.621558	100	0.0001462	0.0001
100	100	0	0	7.56109e-07	6.28636e-07	0.00375434	0.587468	100	0.000153146	0.0001
100	100	0	0	7.55983e-07	6.2695e-07	0.00375334	0.55493	100	0.000160422	0.0001
100	100	0	0	7.55851e-07	6.25154e-07	0.0037523	0.523874	100	0.000168043	0.0001
100	100	0	0	7.55713e-07	6.23238e-07	0.00375122	0.494234	100	0.000176027	0.0001
100	100	0	0	7.55569e-07	6.21195e-07	0.00375009	0.465946	100	0.00018439	0.0001
100	100	0	0	7.55419e-07	6.19013e-07	0.00374892	0.438948	100	0.00019315	0.0001
100	100	0	0	7.55261e-07	6.1668e-07	0.00374769	0.413184	100	0.000202326	0.0001
100	100	0	0	7.55095e-07	6.14183e-07	0.0037464	0.388597	100	0.000211939	0.0001
100	100	0	0	7.54921e-07	6.11509e-07	0.00374505	0.365135	100	0.000222008	0.0001
100	100	0	0	7.54737e-07	6.0864e-07	0.00374363	0.342747	100	0.000232555	0.0001
100	100	0	0	7.54544e-07	6.0556e-07	0.00374214	0.321386	100	0.000243604	0.0001
100	100	0	0	7.5434e-07	6.02247e-07	0.00374056	0.301007	100	0.000255177	0.0001
100	100	0	0	7.54125e-07	5.9868e-07	0.00373889	0.281564	100	0.000267301	0.0001
100	100	0	0	7.53897e-07	5.94833e-07	0.00373713	0.263018	100	0.00028	0.0001

100	100	0	10	6.18162e-07	3.75992e-08	0.00295024	0.00172569	100	2.7e-06	0.0001
100	100	0	10	6.18148e-07	3.7595e-08	0.00295017	0.00172548	100	2.82828e-06	0.0001
100	100	0	10	6.18135e-07	3.75905e-08	0.0029501	0.00172527	100	2.96265e-06	0.0001
100	100	0	10	6.1812e-07	3.75859e-08	0.00295003	0.00172504	100	3.1034e-06	0.0001
100	100	0	10	6.18105e-07	3.7581e-08	0.00294995	0.0017248	100	3.25084e-06	0.0001
100	100	0	10	6.18089e-07	3.75759e-08	0.00294986	0.00172456	100	3.40529e-06	0.0001
100	100	0	10	6.18073e-07	3.75706e-08	0.00294977	0.0017243	100	3.56707e-06	0.0001
100	100	0	10	6.18055e-07	3.7565e-08	0.00294968	0.00172402	100	3.73654e-06	0.0001
100	100	0	10	6.18037e-07	3.75591e-08	0.00294959	0.00172374	100	3.91406e-06	0.0001
100	100	0	10	6.18018e-07	3.7553e-08	0.00294949	0.00172344	100	4.10001e-06	0.0001
100	100	0	10	6.17998e-07	3.75465e-08	0.00294938	0.00172313	100	4.2948e-06	0.0001
100	100	0	10	6.17977e-07	3.75398e-08	0.00294927	0.0017228	100	4.49885e-06	0.0001
100	100	0	10	6.17955e-07	3.75327e-08	0.00294915	0.00172245	100	4.71258e-06	0.0001
100	100	0	10	6.17932e-07	3.75253e-08	0.00294903	0.0017221	100	4.93648e-06	0.0001
100	100	0	10	6.17908e-07	3.75176e-08	0.00294891	0.00172172	100	5.17101e-06	0.0001
100	100	0	10	6.17883e-07	3.75095e-08	0.00294877	0.00172132	100	5.41668e-06	0.0001
100	100	0	10	6.17857e-07	3.7501e-08	0.00294863	0.00172091	100	5.67402e-06	0.0001
100	100	0	10	6.17829e-07	3.74921e-08	0.00294849	0.00172048	100	5.94359e-06	0.0001
100	100	0	10	6.178e-07	3.74828e-08	0.00294833	0.00172002	100	6.22597e-06	0.0001
100	100	0	10	6.1777e-07	3.7473e-08	0.00294817	0.00171955	100	6.52176e-06	0.0001
100	100	0	10	6.17738e-07	3.74628e-08	0.00294801	0.00171905	100	6.8316e-06	0.0001
100	100	0	10	6.17704e-07	3.74521e-08	0.00294783	0.00171853	100	7.15617e-06	0.0001
100	100	0	10	6.17669e-07	3.74409e-08	0.00294764	0.00171799	100	7.49615e-06	0.0001
100	100	0	10	6.17633e-07	3.74291e-08	0.00294745	0.00171741	100	7.85229e-06	0.0001
100	100	0	10	6.17594e-07	3.74168e-08	0.00294725	0.00171682	100	8.22535e-06	0.0001
100	100	0	10	6.17554e-07	3.74039e-08	0.00294704	0.00171619	100	8.61613e-06	0.0001
100	100	0	10	6.17512e-07	3.73904e-08	0.00294681	0.00171553	100	9.02548e-06	0.0001
100	100	0	10	6.17468e-07	3.73763e-08	0.00294658	0.00171485	100	9.45427e-06	0.0001
100	100	0	10	6.17422e-07	3.73615e-08	0.00294634	0.00171413	100	9.90344e-06	0.0001
100	100	0	10	6.17373e-07	3.7346e-08	0.00294608	0.00171337	100	1.03739e-05	0.0001
100	100	0	10	6.17323e-07	3.73298e-08	0.00294581	0.00171258	100	1.08668e-05	0.0001
100	100	0	10	6.17269e-07	3.73128e-08	0.00294553	0.00171176	100	1.13831e-05	0.0001
100	100	0	10	6.17214e-07	3.7295e-08	0.00294524	0.00171089	100	1.19239e-05	0.0001
100	100	0	10	6.17155e-07	3.72763e-08	0.00294493	0.00170998	100	1.24904e-05	0.0001
100	100	0	10	6.17094e-07	3.72568e-08	0.00294461	0.00170903	100	1.30838e-05	0.0001
100	100	0	10	6.1703e-07	3.72363e-08	0.00294427	0.00170804	100	1.37054e-05	0.0001
100	100	0	10	6.16962e-07	3.72149e-08	0.00294391	0.001707	100	1.43565e-05	0.0001
100	100	0	10	6.16892e-07	3.71925e-08	0.00294354	0.00170591	100	1.50386e-05	0.0001
100	100	0	10	6.16818e-07	3.7169e-08	0.00294315	0.00170477	100	1.57531e-05	0.0001
100	100	0	10	6.1674e-07	3.71444e-08	0.00294274	0.00170357	100	1.65015e-05	0.0001
100	100	0	10	6.16659e-07	3.71186e-08	0.00294231	0.00170232	100	1.72855e-05	0.0001
100	100	0	10	6.16574e-07	3.70917e-08	0.00294186	0.00170101	100	1.81067e-05	0.0001
100	100	0	10	6.16485e-07	3.70634e-08	0.00294139	0.00169964	100	1.89669e-05	0.0001
100	100	0	10	6.16391e-07	3.70338e-08	0.0029409	0.0016982	100	1.98681e-05	0.0001
100	100	0	10	6.16293e-07	3.70029e-08	0.00294038	0.00169669	100	2.0812e-05	0.0001
100	100	0	10	6.16191e-07	3.69704e-08	0.00293984	0.00169512	100	2.18007e-05	0.0001
100	100	0	10	6.16083e-07	3.69365e-08	0.00293927	0.00169347	100	2.28365e-05	0.0001
100	100	0	10	6.1597e-07	3.69009e-08	0.00293867	0.00169174	100	2.39214e-05	0.0001
100	100	0	10	6.15852e-07	3.68637e-08	0.00293805	0.00168994	100	2.50579e-05	0.0001
100	100	0	10	6.15727e-07	3.68247e-08	0.00293739	0.00168804	100	2.62484e-05	0.0001
100	100	0	10	6.15597e-07	3.67839e-08	0.00293671	0.00168606	100	2.74955e-05	0.0001
100	100	0	10	6.15461e-07	3.67412e-08	0.00293599	0.00168399	100	2.88017e-05	0.0001
100	100	0	10	6.15318e-07	3.66965e-08	0.00293523	0.00168182	100	3.01701e-05	0.0001
100	100	0	10	6.15168e-07	3.66496e-08	0.00293444	0.00167955	100	3.16035e-05	0.0001
100	100	0	10	6.1501e-07	3.66006e-08	0.00293361	0.00167717	100	3.31049e-05	0.0001
100	100	0	10	6.14845e-07	3.65493e-08	0.00293274	0.00167468	100	3.46777e-05	0.0001
100	100	0	10	6.14672e-07	3.64956e-08	0.00293183	0.00167207	100	3.63252e-05	0.0001
100	100	0	10	6.1449e-07	3.64393e-08	0.00293087	0.00166935	100	3.8051e-05	0.0001
100	100	0	10	6.143e-07	3.63805e-08	0.00292986	0.00166649	100	3.98588e-05	0.0001
100	100	0	10	6.141e-07	3.63189e-08	0.00292881	0.00166351	100	4.17525e-05	0.0001
100	100	0	10	6.1389e-07	3.62544e-08	0.00292771	0.00166038	100	4.37361e-05	0.0001
100	100	0	10	6.1367e-07	3.61869e-08	0.00292655	0.00165711	100	4.5814e-05	0.0001
100	100	0	10	6.13439e-07	3.61163e-08	0.00292533	0.00165369	100	4.79906e-05	0.0001
100	100	0	10	6.13197e-07	3.60424e-08	0.00292405	0.00165011	100	5.02706e-05	0.0001
100	100	0	10	6.12943e-07	3.5965e-08	0.00292271	0.00164636	100	5.26589e-05	0.0001
100	100	0	10	6.12676e-07	3.58841e-08	0.00292131	0.00164245	100	5.51607e-05	0.0001
100	100	0	10	6.12396e-07	3.57994e-08	0.00291983	0.00163835	100	5.77814e-05	0.0001
100	100	0	10	6.12102e-07	3.57108e-08	0.00291828	0.00163406	100	6.05266e-05	0.0001
100	100	0	10	6.11794e-07	3.56181e-08	0.00291666	0.00162958	100	6.34021e-05	0.0001
100	100	0	10	6.1147e-07	3.55211e-08	0.00291495	0.00162489	100	6.64143e-05	0.0001
100	100	0	10	6.1113e-07	3.54196e-08	0.00291316	0.00161998	100	6.95696e-05	0.0001
100	100	0	10	6.10772e-07	3.53135e-08	0.00291128	0.00161485	100	7.28749e-05	0.0001
100	100	0	10	6.10397e-07	3.52025e-08	0.0029093	0.00160949	100	7.63371e-05	0.0001
100	100	0	10	6.10003e-07	3.50864e-08	0.00290723	0.00160389	100	7.99638e-05	0.0001
100	100	0	10	6.09589e-07	3.4965e-08	0.00290505	0.00159803	100	8.37629e-05	0.0001
100	100	0	10	6.09154e-07	3.4838e-08	0.00290276	0.0015919	100	8.77424e-05	0.0001
100	100	0	10	6.08697e-07	3.47053e-08	0.00290035	0.0015855	100	9.1911e-05	0.0001
100	100	0	10	6.08216e-07	3.45665e-08	0.00289782	0.00157881	100	9.62776e-05	0.0001
100	100	0	10	6.07711e-07	3.44214e-08	0.00289517	0.00157182	100	0.000100852	0.0001
100	100	0	10	6.0718e-07	3.42697e-08	0.00289237	0.00156451	100	0.000105643	0.0001
100	100	0	10	6.06621e-07	3.41112e-08	0.00288944	0.00155688	100	0.000110662	0.0001
100	100	0	10	6.06034e-07	3.39456e-08	0.00288635	0.00154891	100	0.00011592	0.0001
100	100	0	10	6.05416e-07	3.37725e-08	0.0028831	0.00154059	100	0.000121427	0.0001
100	100	0	10	6.04767e-07	3.35917e-08	0.00287969	0.0015319	100	0.000127196	0.0001
100	100	0	10	6.04083e-07	3.34028e-08	0.0028761	0.00152283	100	0.000133239	0.0001
100	100	0	10	6.03363e-07	3.32056e-08	0.00287231	0.00151336	100	0.000139569	0.0001
100	100	0	10	6.02605e-07	3.29996e-08	0.00286834	0.00150348	100	0.0001462	0.0001
100	100	0	10	6.01807e-07	3.27845e-08	0.00286415	0.00149316	100	0.000153146	0.0001
100	100	0	10	6.00966e-07	3.256e-08	0.00285974	0.00148241	100	0.000160422	0.0001
100	100	0	10	6.00081e-07	3.23257e-08	0.00285509	0.00147119	100	0.000168043	0.0001
100	100	0	10	5.99148e-07	3.20813e-08	0.0028502	0.0014595	100	0.000176027	0.0001
100	100	0	10	5.98164e-07	3.18262e-08	0.00284505	0.00144731	100	0.00018439	0.0001
100	100	0	10	5.97127e-07	3.15603e-08	0.00283961	0.00143461	100	0.00019315	0.0001
100	100	0	10	5.96034e-07	3.1283e-08	0.00283388	0.00142138	100	0.000202326	0.0001
100	100	0	10	5.9488e-07	3.09939e-08	0.00282784	0.0014076	100	0.000211939	0.0001
100	100	0	10	5.93662e-07	3.06927e-08	0.00282147	0.00139325	100	0.000222008	0.0001
100	100	0	10	5.92377e-07	3.0379e-08	0.00281475	0.00137832	100	0.000232555	0.0001
100	100	0	10	5.9102e-07	3.00523e-08	0.00280765	0.00136279	100	0.000243604	0.0001
100	100	0	10	5.89586e-07	2.97122e-08	0.00280016	0.00134664	100	0.000255177	0.0001
100	100	0	10	5.88071e-07	2.93584e-08	0.00279225	0.00132986	100	0.000267301	0.0001
100	100	0	10	5.8647e-07	2.89903e-08	0.00278389	0.00131242	100	0.00028	0.0001

