(NADA).ET	(NNMT).ET	(NAMPT).ET	(NAMPT).Km	(NNMT).Km	Values[cell division rate]	[NAD]	(SIRT).Flux	(NAM import).v	[NAM]	[NMN]	(SIRT).ET	(NAD-consumption without Nam inhibition).ET	Values[scaling].InitialValue
10	0	100	5e-06	0.4	1e-05	0.494448	0.0032592	1e-05	0.0565096	0.44853	10	10	0.001
10	0	100	5e-06	0.4	1e-05	0.517663	0.00318972	1.04713e-05	0.059344	0.469587	10	10	0.001
10	0	100	5e-06	0.4	1e-05	0.541934	0.00311795	1.09648e-05	0.0623819	0.491604	10	10	0.001
10	0	100	5e-06	0.4	1e-05	0.567308	0.00304395	1.14815e-05	0.0656427	0.51462	10	10	0.001
10	0	100	5e-06	0.4	1e-05	0.59383	0.00296778	1.20226e-05	0.069148	0.538677	10	10	0.001
10	0	100	5e-06	0.4	1e-05	0.621547	0.00288951	1.25893e-05	0.0729222	0.56382	10	10	0.001
10	0	100	5e-06	0.4	1e-05	0.650509	0.00280922	1.31826e-05	0.076993	0.59009	10	10	0.001
10	0	100	5e-06	0.4	1e-05	0.680765	0.002727	1.38038e-05	0.0813915	0.617534	10	10	0.001
10	0	100	5e-06	0.4	1e-05	0.712364	0.00264294	1.44544e-05	0.0861535	0.646197	10	10	0.001
10	0	100	5e-06	0.4	1e-05	0.745359	0.00255714	1.51356e-05	0.0913196	0.676126	10	10	0.001
10	0	100	5e-06	0.4	1e-05	0.7798	0.0024697	1.58489e-05	0.0969367	0.707366	10	10	0.001
10	0	100	5e-06	0.4	1e-05	0.815739	0.00238074	1.65959e-05	0.103058	0.739964	10	10	0.001
10	0	100	5e-06	0.4	1e-05	0.853225	0.00229038	1.7378e-05	0.109748	0.773966	10	10	0.001
10	0	100	5e-06	0.4	1e-05	0.892308	0.00219874	1.8197e-05	0.117077	0.809416	10	10	0.001
10	0	100	5e-06	0.4	1e-05	0.933034	0.00210598	1.90546e-05	0.125131	0.846357	10	10	0.001
10	0	100	5e-06	0.4	1e-05	0.975446	0.00201222	1.99526e-05	0.134011	0.884826	10	10	0.001
10	0	100	5e-06	0.4	1e-05	1.01958	0.00191764	2.0893e-05	0.143835	0.924858	10	10	0.001
10	0	100	5e-06	0.4	1e-05	1.06547	0.00182239	2.18776e-05	0.154744	0.966481	10	10	0.001
10	0	100	5e-06	0.4	1e-05	1.11314	0.00172666	2.29087e-05	0.166907	1.00971	10	10	0.001
10	0	100	5e-06	0.4	1e-05	1.16258	0.00163065	2.39883e-05	0.180528	1.05456	10	10	0.001
10	0	100	5e-06	0.4	1e-05	1.2138	0.00153456	2.51189e-05	0.195852	1.10102	10	10	0.001
10	0	100	5e-06	0.4	1e-05	1.26677	0.00143863	2.63027e-05	0.213179	1.14906	10	10	0.001
10	0	100	5e-06	0.4	1e-05	1.32142	0.00134312	2.75423e-05	0.232876	1.19863	10	10	0.001
10	0	100	5e-06	0.4	1e-05	1.37765	0.00124833	2.88403e-05	0.255392	1.24963	10	10	0.001
10	0	100	5e-06	0.4	1e-05	1.43532	0.00115459	3.01995e-05	0.281281	1.30193	10	10	0.001
10	0	100	5e-06	0.4	1e-05	1.49422	0.00106228	3.16228e-05	0.311228	1.35536	10	10	0.001
10	0	100	5e-06	0.4	1e-05	1.55407	0.000971835	3.31131e-05	0.346073	1.40964	10	10	0.001
10	0	100	5e-06	0.4	1e-05	1.6145	0.000883765	3.46737e-05	0.386846	1.46444	10	10	0.001
10	0	100	5e-06	0.4	1e-05	1.67502	0.000798638	3.63078e-05	0.43479	1.51933	10	10	0.001
10	0	100	5e-06	0.4	1e-05	1.73504	0.000717089	3.80189e-05	0.491384	1.57377	10	10	0.001
10	0	100	5e-06	0.4	1e-05	1.79387	0.000639798	3.98107e-05	0.558327	1.62713	10	10	0.001
10	0	100	5e-06	0.4	1e-05	1.85072	0.000567457	4.16869e-05	0.637494	1.67868	10	10	0.001
10	0	100	5e-06	0.4	1e-05	1.90477	0.000500703	4.36516e-05	0.730831	1.72771	10	10	0.001
10	0	100	5e-06	0.4	1e-05	1.95528	0.000440041	4.57088e-05	0.8402	1.77351	10	10	0.001
10	0	100	5e-06	0.4	1e-05	2.00162	0.000385765	4.7863e-05	0.967202	1.81554	10	10	0.001
10	0	100	5e-06	0.4	1e-05	2.04342	0.000337908	5.01187e-05	1.11303	1.85345	10	10	0.001
10	0	100	5e-06	0.4	1e-05	2.08056	0.000296234	5.24807e-05	1.27838	1.88713	10	10	0.001
10	0	100	5e-06	0.4	1e-05	2.11315	0.000260288	5.49541e-05	1.46353	1.91669	10	10	0.001
10	0	100	5e-06	0.4	1e-05	2.14152	0.000229476	5.7544e-05	1.66841	1.94241	10	10	0.001
10	0	100	5e-06	0.4	1e-05	2.16607	0.000203143	6.0256e-05	1.89276	1.96468	10	10	0.001
10	0	100	5e-06	0.4	1e-05	2.18729	0.000180643	6.30957e-05	2.13626	1.98393	10	10	0.001
10	0	100	5e-06	0.4	1e-05	2.20563	0.000161383	6.60693e-05	2.39864	2.00056	10	10	0.001
10	0	100	5e-06	0.4	1e-05	2.22151	0.00014484	6.91831e-05	2.67972	2.01496	10	10	0.001
10	0	100	5e-06	0.4	1e-05	2.2353	0.000130567	7.24436e-05	2.97945	2.02747	10	10	0.001
10	0	100	5e-06	0.4	1e-05	2.24734	0.000118193	7.58578e-05	3.2979	2.03839	10	10	0.001
10	0	100	5e-06	0.4	1e-05	2.25789	0.000107408	7.94328e-05	3.63529	2.04795	10	10	0.001
10	0	100	5e-06	0.4	1e-05	2.26717	9.79589e-05	8.31764e-05	3.99193	2.05637	10	10	0.001
10	0	100	5e-06	0.4	1e-05	2.27538	8.96379e-05	8.70964e-05	4.36827	2.06381	10	10	0.001
10	0	100	5e-06	0.4	1e-05	2.28267	8.22737e-05	9.12011e-05	4.76483	2.07043	10	10	0.001
10	0	100	5e-06	0.4	1e-05	2.28917	7.57254e-05	9.54993e-05	5.18224	2.07632	10	10	0.001
10	0	100	5e-06	0.4	1e-05	2.295	6.98767e-05	0.0001	5.6212	2.08161	10	10	0.001
10	0	100	5e-06	0.4	1e-05	2.30024	6.46309e-05	0.000104713	6.08249	2.08636	10	10	0.001
10	0	100	5e-06	0.4	1e-05	2.30497	5.99075e-05	0.000109648	6.56697	2.09065	10	10	0.001
10	0	100	5e-06	0.4	1e-05	2.30925	5.56389e-05	0.000114815	7.07555	2.09453	10	10	0.001
10	0	100	5e-06	0.4	1e-05	2.31314	5.17682e-05	0.000120226	7.60924	2.09806	10	10	0.001
10	0	100	5e-06	0.4	1e-05	2.31668	4.82472e-05	0.000125893	8.16909	2.10127	10	10	0.001
10	0	100	5e-06	0.4	1e-05	2.31992	4.50348e-05	0.000131826	8.75622	2.10421	10	10	0.001
10	0	100	5e-06	0.4	1e-05	2.32289	4.20961e-05	0.000138038	9.37183	2.1069	10	10	0.001
10	0	100	5e-06	0.4	1e-05	2.32562	3.94008e-05	0.000144544	10.0172	2.10937	10	10	0.001
10	0	100	5e-06	0.4	1e-05	2.32812	3.69228e-05	0.000151356	10.6936	2.11165	10	10	0.001
10	0	100	5e-06	0.4	1e-05	2.33044	3.46398e-05	0.000158489	11.4025	2.11375	10	10	0.001
10	0	100	5e-06	0.4	1e-05	2.33258	3.25318e-05	0.000165959	12.1454	2.11569	10	10	0.001
10	0	100	5e-06	0.4	1e-05	2.33456	3.05819e-05	0.00017378	12.9237	2.11748	10	10	0.001
10	0	100	5e-06	0.4	1e-05	2.33639	2.87749e-05	0.00018197	13.7392	2.11915	10	10	0.001
10	0	100	5e-06	0.4	1e-05	2.3381	2.70975e-05	0.000190546	14.5936	2.1207	10	10	0.001
10	0	100	5e-06	0.4	1e-05	2.33969	2.55379e-05	0.000199526	15.4886	2.12214	10	10	0.001
10	0	100	5e-06	0.4	1e-05	2.34117	2.40858e-05	0.00020893	16.4261	2.12348	10	10	0.001
10	0	100	5e-06	0.4	1e-05	2.34255	2.2732e-05	0.000218776	17.4081	2.12473	10	10	0.001
10	0	100	5e-06	0.4	1e-05	2.34384	2.1468e-05	0.000229087	18.4367	2.1259	10	10	0.001
10	0	100	5e-06	0.4	1e-05	2.34504	2.02865e-05	0.000239883	19.5141	2.12699	10	10	0.001
10	0	100	5e-06	0.4	1e-05	2.34617	1.91809e-05	0.000251189	20.6424	2.12801	10	10	0.001
10	0	100	5e-06	0.4	1e-05	2.34723	1.81452e-05	0.000263027	21.8242	2.12897	10	10	0.001
10	0	100	5e-06	0.4	1e-05	2.34822	1.7174e-05	0.000275423	23.062	2.12987	10	10	0.001
10	0	100	5e-06	0.4	1e-05	2.34915	1.62624e-05	0.000288403	24.3582	2.13072	10	10	0.001
10	0	100	5e-06	0.4	1e-05	2.35003	1.5406e-05	0.000301995	25.7157	2.13151	10	10	0.001
10	0	100	5e-06	0.4	1e-05	2.35085	1.46007e-05	0.000316228	27.1374	2.13226	10	10	0.001
10	0	100	5e-06	0.4	1e-05	2.35163	1.3843e-05	0.000331131	28.6263	2.13297	10	10	0.001
10	0	100	5e-06	0.4	1e-05	2.35236	1.31294e-05	0.000346737	30.1855	2.13363	10	10	0.001
10	0	100	5e-06	0.4	1e-05	2.35305	1.2457e-05	0.000363078	31.8183	2.13425	10	10	0.001
10	0	100	5e-06	0.4	1e-05	2.3537	1.18228e-05	0.000380189	33.5282	2.13484	10	10	0.001
10	0	100	5e-06	0.4	1e-05	2.35431	1.12245e-05	0.000398107	35.3188	2.1354	10	10	0.001
10	0	100	5e-06	0.4	1e-05	2.35489	1.06596e-05	0.000416869	37.1939	2.13592	10	10	0.001
10	0	100	5e-06	0.4	1e-05	2.35544	1.01259e-05	0.000436516	39.1575	2.13642	10	10	0.001
10	0	100	5e-06	0.4	1e-05	2.35596	9.62142e-06	0.000457088	41.2137	2.13689	10	10	0.001
10	0	100	5e-06	0.4	1e-05	2.35645	9.14438e-06	0.00047863	43.367	2.13733	10	10	0.001
10	0	100	5e-06	0.4	1e-05	2.35691	8.69304e-06	0.000501187	45.6218	2.13775	10	10	0.001
10	0	100	5e-06	0.4	1e-05	2.35735	8.26582e-06	0.000524807	47.983	2.13815	10	10	0.001
10	0	100	5e-06	0.4	1e-05	2.35776	7.86125e-06	0.000549541	50.4555	2.13853	10	10	0.001
10	0	100	5e-06	0.4	1e-05	2.35816	7.47799e-06	0.00057544	53.0447	2.13888	10	10	0.001
10	0	100	5e-06	0.4	1e-05	2.35853	7.11476e-06	0.00060256	55.756	2.13922	10	10	0.001
10	0	100	5e-06	0.4	1e-05	2.35888	6.77039e-06	0.000630957	58.5951	2.13954	10	10	0.001
10	0	100	5e-06	0.4	1e-05	2.35922	6.4438e-06	0.000660693	61.568	2.13985	10	10	0.001
10	0	100	5e-06	0.4	1e-05	2.35954	6.13395e-06	0.000691831	64.6812	2.14014	10	10	0.001
10	0	100	5e-06	0.4	1e-05	2.35984	5.8399e-06	0.000724436	67.9411	2.14041	10	10	0.001
10	0	100	5e-06	0.4	1e-05	2.36013	5.56076e-06	0.000758578	71.3547	2.14067	10	10	0.001
10	0	100	5e-06	0.4	1e-05	2.3604	5.2957e-06	0.000794328	74.9293	2.14092	10	10	0.001
10	0	100	5e-06	0.4	1e-05	2.36066	5.04395e-06	0.000831764	78.6723	2.14115	10	10	0.001
10	0	100	5e-06	0.4	1e-05	2.3609	4.80476e-06	0.000870964	82.5918	2.14138	10	10	0.001
10	0	100	5e-06	0.4	1e-05	2.36114	4.57746e-06	0.000912011	86.6961	2.14159	10	10	0.001
10	0	100	5e-06	0.4	1e-05	2.36136	4.36141e-06	0.000954993	90.9939	2.14179	10	10	0.001
10	0	100	5e-06	0.4	1e-05	2.36157	4.156e-06	0.001	95.4942	2.14198	10	10	0.001