(NADA).ET	(NNMT).ET	(NAMPT).ET	(NAMPT).Km	(NNMT).Km	Values[cell division rate]	[NAD]	(SIRT).Flux	(NAM import).v	[NAM]	[NMN]	(SIRT).ET	(NAD-consumption without Nam inhibition).ET	Values[scaling].InitialValue
10	0	0	5e-06	0.4	1e-05	0.483986	0.00277732	1e-05	0.0765613	0.438949	10	10	0.001
10	0	0	5e-06	0.4	1e-05	0.506542	0.00270327	1.04713e-05	0.0806561	0.459405	10	10	0.001
10	0	0	5e-06	0.4	1e-05	0.530088	0.00262712	1.09648e-05	0.085082	0.48076	10	10	0.001
10	0	0	5e-06	0.4	1e-05	0.554661	0.00254895	1.14815e-05	0.0898757	0.503045	10	10	0.001
10	0	0	5e-06	0.4	1e-05	0.580295	0.00246885	1.20226e-05	0.0950792	0.526293	10	10	0.001
10	0	0	5e-06	0.4	1e-05	0.607026	0.0023869	1.25893e-05	0.10074	0.550535	10	10	0.001
10	0	0	5e-06	0.4	1e-05	0.634888	0.00230321	1.31826e-05	0.106915	0.575803	10	10	0.001
10	0	0	5e-06	0.4	1e-05	0.663913	0.00221789	1.38038e-05	0.113667	0.602125	10	10	0.001
10	0	0	5e-06	0.4	1e-05	0.69413	0.00213108	1.44544e-05	0.121072	0.629529	10	10	0.001
10	0	0	5e-06	0.4	1e-05	0.725567	0.00204291	1.51356e-05	0.129216	0.658039	10	10	0.001
10	0	0	5e-06	0.4	1e-05	0.758246	0.00195352	1.58489e-05	0.138202	0.687674	10	10	0.001
10	0	0	5e-06	0.4	1e-05	0.792181	0.00186308	1.65959e-05	0.148152	0.71845	10	10	0.001
10	0	0	5e-06	0.4	1e-05	0.827382	0.00177177	1.7378e-05	0.159208	0.750373	10	10	0.001
10	0	0	5e-06	0.4	1e-05	0.863846	0.00167979	1.8197e-05	0.171542	0.78344	10	10	0.001
10	0	0	5e-06	0.4	1e-05	0.901556	0.00158737	1.90546e-05	0.185357	0.817638	10	10	0.001
10	0	0	5e-06	0.4	1e-05	0.940481	0.00149474	1.99526e-05	0.200898	0.852937	10	10	0.001
10	0	0	5e-06	0.4	1e-05	0.980564	0.00140219	2.0893e-05	0.218459	0.889287	10	10	0.001
10	0	0	5e-06	0.4	1e-05	1.02173	0.00131001	2.18776e-05	0.238397	0.926614	10	10	0.001
10	0	0	5e-06	0.4	1e-05	1.06385	0.00121857	2.29087e-05	0.261141	0.964813	10	10	0.001
10	0	0	5e-06	0.4	1e-05	1.10678	0.00112824	2.39883e-05	0.287209	1.00374	10	10	0.001
10	0	0	5e-06	0.4	1e-05	1.1503	0.00103948	2.51189e-05	0.317222	1.04321	10	10	0.001
10	0	0	5e-06	0.4	1e-05	1.19417	0.000952777	2.63027e-05	0.351921	1.08299	10	10	0.001
10	0	0	5e-06	0.4	1e-05	1.23804	0.000868684	2.75423e-05	0.392177	1.12278	10	10	0.001
10	0	0	5e-06	0.4	1e-05	1.28154	0.000787793	2.88403e-05	0.438995	1.16222	10	10	0.001
10	0	0	5e-06	0.4	1e-05	1.32422	0.000710724	3.01995e-05	0.493499	1.20092	10	10	0.001
10	0	0	5e-06	0.4	1e-05	1.36559	0.000638089	3.16228e-05	0.556905	1.23844	10	10	0.001
10	0	0	5e-06	0.4	1e-05	1.40515	0.000570448	3.31131e-05	0.63046	1.27431	10	10	0.001
10	0	0	5e-06	0.4	1e-05	1.44245	0.00050825	3.46737e-05	0.715361	1.30814	10	10	0.001
10	0	0	5e-06	0.4	1e-05	1.4771	0.000451785	3.63078e-05	0.812671	1.33956	10	10	0.001
10	0	0	5e-06	0.4	1e-05	1.50883	0.000401141	3.80189e-05	0.923243	1.36833	10	10	0.001
10	0	0	5e-06	0.4	1e-05	1.53753	0.000356203	3.98107e-05	1.04768	1.39435	10	10	0.001
10	0	0	5e-06	0.4	1e-05	1.5632	0.000316672	4.16869e-05	1.18633	1.41763	10	10	0.001
10	0	0	5e-06	0.4	1e-05	1.58597	0.000282117	4.36516e-05	1.33935	1.43828	10	10	0.001
10	0	0	5e-06	0.4	1e-05	1.60606	0.00025203	4.57088e-05	1.50676	1.45649	10	10	0.001
10	0	0	5e-06	0.4	1e-05	1.62371	0.000225878	4.7863e-05	1.68849	1.4725	10	10	0.001
10	0	0	5e-06	0.4	1e-05	1.63922	0.000203144	5.01187e-05	1.88449	1.48656	10	10	0.001
10	0	0	5e-06	0.4	1e-05	1.65283	0.000183351	5.24807e-05	2.09472	1.49891	10	10	0.001
10	0	0	5e-06	0.4	1e-05	1.66481	0.000166071	5.49541e-05	2.3192	1.50977	10	10	0.001
10	0	0	5e-06	0.4	1e-05	1.67537	0.000150937	5.7544e-05	2.55805	1.51934	10	10	0.001
10	0	0	5e-06	0.4	1e-05	1.6847	0.00013763	6.0256e-05	2.81144	1.52781	10	10	0.001
10	0	0	5e-06	0.4	1e-05	1.69299	0.000125885	6.30957e-05	3.07961	1.53532	10	10	0.001
10	0	0	5e-06	0.4	1e-05	1.70036	0.000115475	6.60693e-05	3.3629	1.54201	10	10	0.001
10	0	0	5e-06	0.4	1e-05	1.70695	0.000106211	6.91831e-05	3.6617	1.54798	10	10	0.001
10	0	0	5e-06	0.4	1e-05	1.71286	9.79337e-05	7.24436e-05	3.97648	1.55334	10	10	0.001
10	0	0	5e-06	0.4	1e-05	1.71818	9.05105e-05	7.58578e-05	4.30775	1.55816	10	10	0.001
10	0	0	5e-06	0.4	1e-05	1.72298	8.38289e-05	7.94328e-05	4.6561	1.56252	10	10	0.001
10	0	0	5e-06	0.4	1e-05	1.72733	7.77941e-05	8.31764e-05	5.02217	1.56646	10	10	0.001
10	0	0	5e-06	0.4	1e-05	1.73128	7.23256e-05	8.70964e-05	5.40663	1.57004	10	10	0.001
10	0	0	5e-06	0.4	1e-05	1.73487	6.73551e-05	9.12011e-05	5.81024	1.5733	10	10	0.001
10	0	0	5e-06	0.4	1e-05	1.73816	6.28243e-05	9.54993e-05	6.23379	1.57628	10	10	0.001
10	0	0	5e-06	0.4	1e-05	1.74116	5.86831e-05	0.0001	6.67813	1.579	10	10	0.001
10	0	0	5e-06	0.4	1e-05	1.74393	5.48884e-05	0.000104713	7.14415	1.58151	10	10	0.001
10	0	0	5e-06	0.4	1e-05	1.74646	5.14031e-05	0.000109648	7.6328	1.58381	10	10	0.001
10	0	0	5e-06	0.4	1e-05	1.74881	4.81948e-05	0.000114815	8.14509	1.58593	10	10	0.001
10	0	0	5e-06	0.4	1e-05	1.75097	4.52353e-05	0.000120226	8.68208	1.58789	10	10	0.001
10	0	0	5e-06	0.4	1e-05	1.75297	4.25001e-05	0.000125893	9.24487	1.58971	10	10	0.001
10	0	0	5e-06	0.4	1e-05	1.75482	3.99675e-05	0.000131826	9.83465	1.59139	10	10	0.001
10	0	0	5e-06	0.4	1e-05	1.75654	3.76186e-05	0.000138038	10.4526	1.59295	10	10	0.001
10	0	0	5e-06	0.4	1e-05	1.75814	3.54365e-05	0.000144544	11.1001	1.5944	10	10	0.001
10	0	0	5e-06	0.4	1e-05	1.75963	3.34064e-05	0.000151356	11.7785	1.59575	10	10	0.001
10	0	0	5e-06	0.4	1e-05	1.76102	3.1515e-05	0.000158489	12.4892	1.59701	10	10	0.001
10	0	0	5e-06	0.4	1e-05	1.76232	2.97505e-05	0.000165959	13.2336	1.59819	10	10	0.001
10	0	0	5e-06	0.4	1e-05	1.76354	2.81023e-05	0.00017378	14.0135	1.59929	10	10	0.001
10	0	0	5e-06	0.4	1e-05	1.76467	2.65609e-05	0.00018197	14.8303	1.60032	10	10	0.001
10	0	0	5e-06	0.4	1e-05	1.76573	2.5118e-05	0.000190546	15.6859	1.60128	10	10	0.001
10	0	0	5e-06	0.4	1e-05	1.76673	2.37657e-05	0.000199526	16.582	1.60219	10	10	0.001
10	0	0	5e-06	0.4	1e-05	1.76767	2.24971e-05	0.00020893	17.5205	1.60303	10	10	0.001
10	0	0	5e-06	0.4	1e-05	1.76855	2.1306e-05	0.000218776	18.5035	1.60383	10	10	0.001
10	0	0	5e-06	0.4	1e-05	1.76937	2.01867e-05	0.000229087	19.533	1.60458	10	10	0.001
10	0	0	5e-06	0.4	1e-05	1.77015	1.91339e-05	0.000239883	20.6112	1.60529	10	10	0.001
10	0	0	5e-06	0.4	1e-05	1.77088	1.8143e-05	0.000251189	21.7403	1.60595	10	10	0.001
10	0	0	5e-06	0.4	1e-05	1.77157	1.72096e-05	0.000263027	22.9228	1.60658	10	10	0.001
10	0	0	5e-06	0.4	1e-05	1.77222	1.63298e-05	0.000275423	24.1612	1.60717	10	10	0.001
10	0	0	5e-06	0.4	1e-05	1.77284	1.55e-05	0.000288403	25.458	1.60772	10	10	0.001
10	0	0	5e-06	0.4	1e-05	1.77342	1.47169e-05	0.000301995	26.8161	1.60825	10	10	0.001
10	0	0	5e-06	0.4	1e-05	1.77396	1.39773e-05	0.000316228	28.2383	1.60875	10	10	0.001
10	0	0	5e-06	0.4	1e-05	1.77448	1.32785e-05	0.000331131	29.7277	1.60921	10	10	0.001
10	0	0	5e-06	0.4	1e-05	1.77497	1.26179e-05	0.000346737	31.2873	1.60966	10	10	0.001
10	0	0	5e-06	0.4	1e-05	1.77543	1.19931e-05	0.000363078	32.9206	1.61008	10	10	0.001
10	0	0	5e-06	0.4	1e-05	1.77587	1.14019e-05	0.000380189	34.6309	1.61048	10	10	0.001
10	0	0	5e-06	0.4	1e-05	1.77629	1.08422e-05	0.000398107	36.4218	1.61085	10	10	0.001
10	0	0	5e-06	0.4	1e-05	1.77668	1.03121e-05	0.000416869	38.2973	1.61121	10	10	0.001
10	0	0	5e-06	0.4	1e-05	1.77705	9.80984e-06	0.000436516	40.2613	1.61155	10	10	0.001
10	0	0	5e-06	0.4	1e-05	1.77741	9.33381e-06	0.000457088	42.3178	1.61187	10	10	0.001
10	0	0	5e-06	0.4	1e-05	1.77774	8.88245e-06	0.00047863	44.4714	1.61217	10	10	0.001
10	0	0	5e-06	0.4	1e-05	1.77806	8.45434e-06	0.000501187	46.7265	1.61246	10	10	0.001
10	0	0	5e-06	0.4	1e-05	1.77836	8.04815e-06	0.000524807	49.0879	1.61273	10	10	0.001
10	0	0	5e-06	0.4	1e-05	1.77865	7.66264e-06	0.000549541	51.5607	1.61299	10	10	0.001
10	0	0	5e-06	0.4	1e-05	1.77892	7.29664e-06	0.00057544	54.1501	1.61324	10	10	0.001
10	0	0	5e-06	0.4	1e-05	1.77918	6.94908e-06	0.00060256	56.8616	1.61347	10	10	0.001
10	0	0	5e-06	0.4	1e-05	1.77942	6.61894e-06	0.000630957	59.7009	1.61369	10	10	0.001
10	0	0	5e-06	0.4	1e-05	1.77965	6.30526e-06	0.000660693	62.6741	1.61391	10	10	0.001
10	0	0	5e-06	0.4	1e-05	1.77988	6.00715e-06	0.000691831	65.7874	1.61411	10	10	0.001
10	0	0	5e-06	0.4	1e-05	1.78009	5.72378e-06	0.000724436	69.0475	1.6143	10	10	0.001
10	0	0	5e-06	0.4	1e-05	1.78029	5.45435e-06	0.000758578	72.4613	1.61448	10	10	0.001
10	0	0	5e-06	0.4	1e-05	1.78048	5.19814e-06	0.000794328	76.036	1.61465	10	10	0.001
10	0	0	5e-06	0.4	1e-05	1.78066	4.95443e-06	0.000831764	79.7792	1.61482	10	10	0.001
10	0	0	5e-06	0.4	1e-05	1.78083	4.72259e-06	0.000870964	83.6988	1.61497	10	10	0.001
10	0	0	5e-06	0.4	1e-05	1.78099	4.50199e-06	0.000912011	87.8032	1.61512	10	10	0.001
10	0	0	5e-06	0.4	1e-05	1.78115	4.29205e-06	0.000954993	92.1011	1.61526	10	10	0.001
10	0	0	5e-06	0.4	1e-05	1.7813	4.09222e-06	0.001	96.6016	1.6154	10	10	0.001