(NADA).ET	(NNMT).ET	(NAMPT).ET	(NAMPT).Km	(NNMT).Km	Values[cell division rate]	[NAD]	(SIRT).Flux	(NAM import).v	[NAM]	[NMN]	(SIRT).ET	(NAD-consumption without Nam inhibition).ET	Values[scaling].InitialValue
1	0	0	5e-06	0.4	2.7e-06	0.0710449	7.72351e-06	0.0001	36.9015	0.0644358	10	10	0.001
1	0	0	5e-06	0.4	2.82828e-06	0.0710013	8.08978e-06	0.0001	35.2218	0.0643963	10	10	0.001
1	0	0	5e-06	0.4	2.96265e-06	0.0709557	8.47337e-06	0.0001	33.6182	0.0643548	10	10	0.001
1	0	0	5e-06	0.4	3.1034e-06	0.0709079	8.87512e-06	0.0001	32.0874	0.0643115	10	10	0.001
1	0	0	5e-06	0.4	3.25084e-06	0.0708578	9.29587e-06	0.0001	30.6261	0.0642661	10	10	0.001
1	0	0	5e-06	0.4	3.40529e-06	0.0708053	9.73652e-06	0.0001	29.231	0.0642185	10	10	0.001
1	0	0	5e-06	0.4	3.56707e-06	0.0707504	1.0198e-05	0.0001	27.8992	0.0641687	10	10	0.001
1	0	0	5e-06	0.4	3.73654e-06	0.070693	1.06813e-05	0.0001	26.6279	0.0641166	10	10	0.001
1	0	0	5e-06	0.4	3.91406e-06	0.0706328	1.11874e-05	0.0001	25.4142	0.064062	10	10	0.001
1	0	0	5e-06	0.4	4.10001e-06	0.0705697	1.17175e-05	0.0001	24.2555	0.0640048	10	10	0.001
1	0	0	5e-06	0.4	4.2948e-06	0.0705037	1.22725e-05	0.0001	23.1494	0.063945	10	10	0.001
1	0	0	5e-06	0.4	4.49885e-06	0.0704346	1.28538e-05	0.0001	22.0935	0.0638823	10	10	0.001
1	0	0	5e-06	0.4	4.71258e-06	0.0703623	1.34625e-05	0.0001	21.0855	0.0638167	10	10	0.001
1	0	0	5e-06	0.4	4.93648e-06	0.0702866	1.40999e-05	0.0001	20.1233	0.063748	10	10	0.001
1	0	0	5e-06	0.4	5.17101e-06	0.0702073	1.47674e-05	0.0001	19.2046	0.0636761	10	10	0.001
1	0	0	5e-06	0.4	5.41668e-06	0.0701242	1.54663e-05	0.0001	18.3277	0.0636008	10	10	0.001
1	0	0	5e-06	0.4	5.67402e-06	0.0700373	1.61982e-05	0.0001	17.4906	0.0635219	10	10	0.001
1	0	0	5e-06	0.4	5.94359e-06	0.0699463	1.69645e-05	0.0001	16.6914	0.0634394	10	10	0.001
1	0	0	5e-06	0.4	6.22597e-06	0.0698511	1.77668e-05	0.0001	15.9285	0.063353	10	10	0.001
1	0	0	5e-06	0.4	6.52176e-06	0.0697514	1.8607e-05	0.0001	15.2002	0.0632626	10	10	0.001
1	0	0	5e-06	0.4	6.8316e-06	0.0696471	1.94866e-05	0.0001	14.505	0.063168	10	10	0.001
1	0	0	5e-06	0.4	7.15617e-06	0.0695378	2.04075e-05	0.0001	13.8413	0.0630689	10	10	0.001
1	0	0	5e-06	0.4	7.49615e-06	0.0694235	2.13716e-05	0.0001	13.2077	0.0629652	10	10	0.001
1	0	0	5e-06	0.4	7.85229e-06	0.0693039	2.2381e-05	0.0001	12.6029	0.0628567	10	10	0.001
1	0	0	5e-06	0.4	8.22535e-06	0.0691787	2.34377e-05	0.0001	12.0255	0.0627432	10	10	0.001
1	0	0	5e-06	0.4	8.61613e-06	0.0690477	2.45439e-05	0.0001	11.4744	0.0626243	10	10	0.001
1	0	0	5e-06	0.4	9.02548e-06	0.0689105	2.57018e-05	0.0001	10.9483	0.0625	10	10	0.001
1	0	0	5e-06	0.4	9.45427e-06	0.0687671	2.69138e-05	0.0001	10.446	0.0623699	10	10	0.001
1	0	0	5e-06	0.4	9.90344e-06	0.068617	2.81825e-05	0.0001	9.96658	0.0622337	10	10	0.001
1	0	0	5e-06	0.4	1.03739e-05	0.0684599	2.95103e-05	0.0001	9.50891	0.0620913	10	10	0.001
1	0	0	5e-06	0.4	1.08668e-05	0.0682956	3.09e-05	0.0001	9.07203	0.0619423	10	10	0.001
1	0	0	5e-06	0.4	1.13831e-05	0.0681238	3.23543e-05	0.0001	8.65499	0.0617864	10	10	0.001
1	0	0	5e-06	0.4	1.19239e-05	0.067944	3.38762e-05	0.0001	8.25689	0.0616233	10	10	0.001
1	0	0	5e-06	0.4	1.24904e-05	0.067756	3.54688e-05	0.0001	7.87688	0.0614528	10	10	0.001
1	0	0	5e-06	0.4	1.30838e-05	0.0675593	3.7135e-05	0.0001	7.51414	0.0612745	10	10	0.001
1	0	0	5e-06	0.4	1.37054e-05	0.0673537	3.88784e-05	0.0001	7.16788	0.061088	10	10	0.001
1	0	0	5e-06	0.4	1.43565e-05	0.0671387	4.07021e-05	0.0001	6.83737	0.060893	10	10	0.001
1	0	0	5e-06	0.4	1.50386e-05	0.066914	4.26099e-05	0.0001	6.52188	0.0606891	10	10	0.001
1	0	0	5e-06	0.4	1.57531e-05	0.066679	4.46054e-05	0.0001	6.22074	0.060476	10	10	0.001
1	0	0	5e-06	0.4	1.65015e-05	0.0664334	4.66924e-05	0.0001	5.9333	0.0602533	10	10	0.001
1	0	0	5e-06	0.4	1.72855e-05	0.0661767	4.88748e-05	0.0001	5.65894	0.0600205	10	10	0.001
1	0	0	5e-06	0.4	1.81067e-05	0.0659086	5.11568e-05	0.0001	5.39706	0.0597773	10	10	0.001
1	0	0	5e-06	0.4	1.89669e-05	0.0656284	5.35426e-05	0.0001	5.14711	0.0595231	10	10	0.001
1	0	0	5e-06	0.4	1.98681e-05	0.0653357	5.60365e-05	0.0001	4.90855	0.0592577	10	10	0.001
1	0	0	5e-06	0.4	2.0812e-05	0.06503	5.86431e-05	0.0001	4.68085	0.0589804	10	10	0.001
1	0	0	5e-06	0.4	2.18007e-05	0.0647108	6.13671e-05	0.0001	4.46353	0.0586909	10	10	0.001
1	0	0	5e-06	0.4	2.28365e-05	0.0643776	6.42131e-05	0.0001	4.25613	0.0583887	10	10	0.001
1	0	0	5e-06	0.4	2.39214e-05	0.0640298	6.71862e-05	0.0001	4.05819	0.0580733	10	10	0.001
1	0	0	5e-06	0.4	2.50579e-05	0.0636668	7.02914e-05	0.0001	3.86928	0.0577441	10	10	0.001
1	0	0	5e-06	0.4	2.62484e-05	0.0632882	7.35338e-05	0.0001	3.689	0.0574007	10	10	0.001
1	0	0	5e-06	0.4	2.74955e-05	0.0628933	7.69187e-05	0.0001	3.51697	0.0570425	10	10	0.001
1	0	0	5e-06	0.4	2.88017e-05	0.0624816	8.04514e-05	0.0001	3.3528	0.0566691	10	10	0.001
1	0	0	5e-06	0.4	3.01701e-05	0.0620524	8.41375e-05	0.0001	3.19614	0.0562798	10	10	0.001
1	0	0	5e-06	0.4	3.16035e-05	0.0616052	8.79823e-05	0.0001	3.04667	0.0558742	10	10	0.001
1	0	0	5e-06	0.4	3.31049e-05	0.0611394	9.19915e-05	0.0001	2.90405	0.0554518	10	10	0.001
1	0	0	5e-06	0.4	3.46777e-05	0.0606544	9.61706e-05	0.0001	2.76797	0.0550119	10	10	0.001
1	0	0	5e-06	0.4	3.63252e-05	0.0601497	0.000100525	0.0001	2.63814	0.0545541	10	10	0.001
1	0	0	5e-06	0.4	3.8051e-05	0.0596246	0.000105061	0.0001	2.51429	0.0540778	10	10	0.001
1	0	0	5e-06	0.4	3.98588e-05	0.0590786	0.000109783	0.0001	2.39613	0.0535826	10	10	0.001
1	0	0	5e-06	0.4	4.17525e-05	0.0585111	0.000114696	0.0001	2.28343	0.053068	10	10	0.001
1	0	0	5e-06	0.4	4.37361e-05	0.0579217	0.000119807	0.0001	2.17593	0.0525334	10	10	0.001
1	0	0	5e-06	0.4	4.5814e-05	0.0573099	0.000125119	0.0001	2.07339	0.0519785	10	10	0.001
1	0	0	5e-06	0.4	4.79906e-05	0.0566752	0.000130638	0.0001	1.97561	0.0514029	10	10	0.001
1	0	0	5e-06	0.4	5.02706e-05	0.0560172	0.000136368	0.0001	1.88235	0.0508061	10	10	0.001
1	0	0	5e-06	0.4	5.26589e-05	0.0553356	0.000142312	0.0001	1.79343	0.0501879	10	10	0.001
1	0	0	5e-06	0.4	5.51607e-05	0.05463	0.000148475	0.0001	1.70865	0.0495479	10	10	0.001
1	0	0	5e-06	0.4	5.77814e-05	0.0539003	0.000154858	0.0001	1.62782	0.0488861	10	10	0.001
1	0	0	5e-06	0.4	6.05266e-05	0.0531462	0.000161465	0.0001	1.55076	0.0482022	10	10	0.001
1	0	0	5e-06	0.4	6.34021e-05	0.0523678	0.000168296	0.0001	1.47732	0.0474962	10	10	0.001
1	0	0	5e-06	0.4	6.64143e-05	0.0515651	0.000175353	0.0001	1.40731	0.0467682	10	10	0.001
1	0	0	5e-06	0.4	6.95696e-05	0.0507382	0.000182634	0.0001	1.3406	0.0460182	10	10	0.001
1	0	0	5e-06	0.4	7.28749e-05	0.0498874	0.000190138	0.0001	1.27703	0.0452465	10	10	0.001
1	0	0	5e-06	0.4	7.63371e-05	0.0490131	0.000197862	0.0001	1.21646	0.0444535	10	10	0.001
1	0	0	5e-06	0.4	7.99638e-05	0.0481158	0.000205803	0.0001	1.15876	0.0436397	10	10	0.001
1	0	0	5e-06	0.4	8.37629e-05	0.0471962	0.000213955	0.0001	1.1038	0.0428057	10	10	0.001
1	0	0	5e-06	0.4	8.77424e-05	0.0462552	0.000222312	0.0001	1.05144	0.0419523	10	10	0.001
1	0	0	5e-06	0.4	9.1911e-05	0.0452938	0.000230864	0.0001	1.00159	0.0410803	10	10	0.001
1	0	0	5e-06	0.4	9.62776e-05	0.0443131	0.000239602	0.0001	0.954113	0.0401908	10	10	0.001
1	0	0	5e-06	0.4	0.000100852	0.0433146	0.000248514	0.0001	0.90891	0.0392851	10	10	0.001
1	0	0	5e-06	0.4	0.000105643	0.0422996	0.000257586	0.0001	0.865875	0.0383646	10	10	0.001
1	0	0	5e-06	0.4	0.000110662	0.0412699	0.000266804	0.0001	0.824908	0.0374307	10	10	0.001
1	0	0	5e-06	0.4	0.00011592	0.0402275	0.00027615	0.0001	0.785912	0.0364852	10	10	0.001
1	0	0	5e-06	0.4	0.000121427	0.0391742	0.000285606	0.0001	0.748796	0.0355299	10	10	0.001
1	0	0	5e-06	0.4	0.000127196	0.0381122	0.000295151	0.0001	0.71347	0.0345667	10	10	0.001
1	0	0	5e-06	0.4	0.000133239	0.0370438	0.000304765	0.0001	0.679851	0.0335977	10	10	0.001
1	0	0	5e-06	0.4	0.000139569	0.0359714	0.000314424	0.0001	0.647857	0.0326251	10	10	0.001
1	0	0	5e-06	0.4	0.0001462	0.0348975	0.000324104	0.0001	0.61741	0.0316511	10	10	0.001
1	0	0	5e-06	0.4	0.000153146	0.0338245	0.000333781	0.0001	0.588435	0.0306779	10	10	0.001
1	0	0	5e-06	0.4	0.000160422	0.032755	0.00034343	0.0001	0.56086	0.0297079	10	10	0.001
1	0	0	5e-06	0.4	0.000168043	0.0316916	0.000353024	0.0001	0.534617	0.0287435	10	10	0.001
1	0	0	5e-06	0.4	0.000176027	0.0306368	0.000362539	0.0001	0.509639	0.0277868	10	10	0.001
1	0	0	5e-06	0.4	0.00018439	0.029593	0.00037195	0.0001	0.485865	0.0268401	10	10	0.001
1	0	0	5e-06	0.4	0.00019315	0.0285626	0.000381231	0.0001	0.463234	0.0259055	10	10	0.001
1	0	0	5e-06	0.4	0.000202326	0.0275478	0.000390358	0.0001	0.441688	0.0249851	10	10	0.001
1	0	0	5e-06	0.4	0.000211939	0.0265507	0.00039931	0.0001	0.421174	0.0240808	10	10	0.001
1	0	0	5e-06	0.4	0.000222008	0.0255733	0.000408065	0.0001	0.401639	0.0231943	10	10	0.001
1	0	0	5e-06	0.4	0.000232555	0.0246172	0.000416603	0.0001	0.383034	0.0223271	10	10	0.001
1	0	0	5e-06	0.4	0.000243604	0.0236839	0.000424907	0.0001	0.365312	0.0214807	10	10	0.001
1	0	0	5e-06	0.4	0.000255177	0.022775	0.00043296	0.0001	0.348428	0.0206563	10	10	0.001
1	0	0	5e-06	0.4	0.000267301	0.0218913	0.000440749	0.0001	0.33234	0.0198548	10	10	0.001
1	0	0	5e-06	0.4	0.00028	0.0210339	0.000448261	0.0001	0.317008	0.0190772	10	10	0.001