(NADA).ET	(NNMT).ET	(NAMPT).ET	(NAMPT).Km	(NNMT).Km	Values[cell division rate]	[NAD]	(SIRT).Flux	(NAM import).v	[NAM]	[NMN]	(SIRT).ET	Values[scaling].InitialValue
0	0	100	5e-06	0.4	1e-05	0.0193903	0.000157462	1e-05	0.962998	0.0175933	10	0.001
0	0	100	5e-06	0.4	1e-05	0.0195909	0.000151512	1.04713e-05	1.00974	0.0177753	10	0.001
0	0	100	5e-06	0.4	1e-05	0.0197859	0.000145735	1.09648e-05	1.05872	0.0179521	10	0.001
0	0	100	5e-06	0.4	1e-05	0.0199752	0.000140133	1.14815e-05	1.11004	0.0181239	10	0.001
0	0	100	5e-06	0.4	1e-05	0.0201589	0.000134704	1.20226e-05	1.1638	0.0182905	10	0.001
0	0	100	5e-06	0.4	1e-05	0.020337	0.000129447	1.25893e-05	1.22012	0.0184521	10	0.001
0	0	100	5e-06	0.4	1e-05	0.0205095	0.000124358	1.31826e-05	1.27912	0.0186086	10	0.001
0	0	100	5e-06	0.4	1e-05	0.0206766	0.000119437	1.38038e-05	1.34093	0.0187602	10	0.001
0	0	100	5e-06	0.4	1e-05	0.0208382	0.00011468	1.44544e-05	1.40567	0.0189068	10	0.001
0	0	100	5e-06	0.4	1e-05	0.0209945	0.000110085	1.51356e-05	1.4735	0.0190486	10	0.001
0	0	100	5e-06	0.4	1e-05	0.0211456	0.000105648	1.58489e-05	1.54454	0.0191856	10	0.001
0	0	100	5e-06	0.4	1e-05	0.0212914	0.000101367	1.65959e-05	1.61896	0.0193179	10	0.001
0	0	100	5e-06	0.4	1e-05	0.0214323	9.72384e-05	1.7378e-05	1.6969	0.0194457	10	0.001
0	0	100	5e-06	0.4	1e-05	0.0215681	9.32583e-05	1.8197e-05	1.77854	0.0195689	10	0.001
0	0	100	5e-06	0.4	1e-05	0.0216991	8.94234e-05	1.90546e-05	1.86405	0.0196878	10	0.001
0	0	100	5e-06	0.4	1e-05	0.0218254	8.57298e-05	1.99526e-05	1.95361	0.0198023	10	0.001
0	0	100	5e-06	0.4	1e-05	0.0219471	8.21738e-05	2.0893e-05	2.04742	0.0199127	10	0.001
0	0	100	5e-06	0.4	1e-05	0.0220643	7.87518e-05	2.18776e-05	2.14566	0.020019	10	0.001
0	0	100	5e-06	0.4	1e-05	0.0221771	7.54599e-05	2.29087e-05	2.24855	0.0201213	10	0.001
0	0	100	5e-06	0.4	1e-05	0.0222856	7.22942e-05	2.39883e-05	2.35631	0.0202198	10	0.001
0	0	100	5e-06	0.4	1e-05	0.0223901	6.92509e-05	2.51189e-05	2.46916	0.0203145	10	0.001
0	0	100	5e-06	0.4	1e-05	0.0224905	6.63264e-05	2.63027e-05	2.58735	0.0204056	10	0.001
0	0	100	5e-06	0.4	1e-05	0.022587	6.35167e-05	2.75423e-05	2.71113	0.0204932	10	0.001
0	0	100	5e-06	0.4	1e-05	0.0226797	6.08181e-05	2.88403e-05	2.84075	0.0205773	10	0.001
0	0	100	5e-06	0.4	1e-05	0.0227689	5.82271e-05	3.01995e-05	2.9765	0.0206582	10	0.001
0	0	100	5e-06	0.4	1e-05	0.0228545	5.57399e-05	3.16228e-05	3.11867	0.0207358	10	0.001
0	0	100	5e-06	0.4	1e-05	0.0229366	5.33529e-05	3.31131e-05	3.26754	0.0208104	10	0.001
0	0	100	5e-06	0.4	1e-05	0.0230155	5.10628e-05	3.46737e-05	3.42345	0.0208819	10	0.001
0	0	100	5e-06	0.4	1e-05	0.0230912	4.8866e-05	3.63078e-05	3.58672	0.0209506	10	0.001
0	0	100	5e-06	0.4	1e-05	0.0231639	4.67592e-05	3.80189e-05	3.75769	0.0210165	10	0.001
0	0	100	5e-06	0.4	1e-05	0.0232336	4.4739e-05	3.98107e-05	3.93674	0.0210797	10	0.001
0	0	100	5e-06	0.4	1e-05	0.0233004	4.28025e-05	4.16869e-05	4.12423	0.0211404	10	0.001
0	0	100	5e-06	0.4	1e-05	0.0233645	4.09463e-05	4.36516e-05	4.32057	0.0211985	10	0.001
0	0	100	5e-06	0.4	1e-05	0.0234259	3.91675e-05	4.57088e-05	4.52618	0.0212542	10	0.001
0	0	100	5e-06	0.4	1e-05	0.0234848	3.74631e-05	4.7863e-05	4.74149	0.0213076	10	0.001
0	0	100	5e-06	0.4	1e-05	0.0235412	3.58303e-05	5.01187e-05	4.96695	0.0213588	10	0.001
0	0	100	5e-06	0.4	1e-05	0.0235953	3.42663e-05	5.24807e-05	5.20305	0.0214079	10	0.001
0	0	100	5e-06	0.4	1e-05	0.0236471	3.27684e-05	5.49541e-05	5.45028	0.0214549	10	0.001
0	0	100	5e-06	0.4	1e-05	0.0236967	3.1334e-05	5.7544e-05	5.70918	0.0214999	10	0.001
0	0	100	5e-06	0.4	1e-05	0.0237442	2.99607e-05	6.0256e-05	5.98029	0.021543	10	0.001
0	0	100	5e-06	0.4	1e-05	0.0237897	2.86459e-05	6.30957e-05	6.26418	0.0215843	10	0.001
0	0	100	5e-06	0.4	1e-05	0.0238333	2.73873e-05	6.60693e-05	6.56145	0.0216238	10	0.001
0	0	100	5e-06	0.4	1e-05	0.023875	2.61827e-05	6.91831e-05	6.87275	0.0216617	10	0.001
0	0	100	5e-06	0.4	1e-05	0.023915	2.50298e-05	7.24436e-05	7.19872	0.0216979	10	0.001
0	0	100	5e-06	0.4	1e-05	0.0239532	2.39265e-05	7.58578e-05	7.54007	0.0217326	10	0.001
0	0	100	5e-06	0.4	1e-05	0.0239898	2.28709e-05	7.94328e-05	7.8975	0.0217658	10	0.001
0	0	100	5e-06	0.4	1e-05	0.0240248	2.18609e-05	8.31764e-05	8.27179	0.0217975	10	0.001
0	0	100	5e-06	0.4	1e-05	0.0240583	2.08947e-05	8.70964e-05	8.66373	0.0218279	10	0.001
0	0	100	5e-06	0.4	1e-05	0.0240904	1.99704e-05	9.12011e-05	9.07414	0.021857	10	0.001
0	0	100	5e-06	0.4	1e-05	0.024121	1.90862e-05	9.54993e-05	9.5039	0.0218848	10	0.001
0	0	100	5e-06	0.4	1e-05	0.0241504	1.82406e-05	0.0001	9.95392	0.0219114	10	0.001
0	0	100	5e-06	0.4	1e-05	0.0241784	1.74319e-05	0.000104713	10.4251	0.0219369	10	0.001
0	0	100	5e-06	0.4	1e-05	0.0242053	1.66585e-05	0.000109648	10.9186	0.0219612	10	0.001
0	0	100	5e-06	0.4	1e-05	0.0242309	1.59189e-05	0.000114815	11.4353	0.0219845	10	0.001
0	0	100	5e-06	0.4	1e-05	0.0242555	1.52117e-05	0.000120226	11.9764	0.0220068	10	0.001
0	0	100	5e-06	0.4	1e-05	0.024279	1.45355e-05	0.000125893	12.5429	0.0220281	10	0.001
0	0	100	5e-06	0.4	1e-05	0.0243014	1.3889e-05	0.000131826	13.1362	0.0220484	10	0.001
0	0	100	5e-06	0.4	1e-05	0.0243229	1.32709e-05	0.000138038	13.7574	0.0220679	10	0.001
0	0	100	5e-06	0.4	1e-05	0.0243434	1.268e-05	0.000144544	14.4079	0.0220865	10	0.001
0	0	100	5e-06	0.4	1e-05	0.024363	1.21152e-05	0.000151356	15.0891	0.0221043	10	0.001
0	0	100	5e-06	0.4	1e-05	0.0243818	1.15752e-05	0.000158489	15.8024	0.0221214	10	0.001
0	0	100	5e-06	0.4	1e-05	0.0243997	1.10591e-05	0.000165959	16.5493	0.0221376	10	0.001
0	0	100	5e-06	0.4	1e-05	0.0244169	1.05658e-05	0.00017378	17.3314	0.0221532	10	0.001
0	0	100	5e-06	0.4	1e-05	0.0244332	1.00943e-05	0.00018197	18.1504	0.022168	10	0.001
0	0	100	5e-06	0.4	1e-05	0.0244489	9.64368e-06	0.000190546	19.008	0.0221822	10	0.001
0	0	100	5e-06	0.4	1e-05	0.0244639	9.213e-06	0.000199526	19.9059	0.0221958	10	0.001
0	0	100	5e-06	0.4	1e-05	0.0244782	8.80141e-06	0.00020893	20.8463	0.0222088	10	0.001
0	0	100	5e-06	0.4	1e-05	0.0244919	8.40808e-06	0.000218776	21.8309	0.0222212	10	0.001
0	0	100	5e-06	0.4	1e-05	0.0245049	8.03221e-06	0.000229087	22.8619	0.0222331	10	0.001
0	0	100	5e-06	0.4	1e-05	0.0245174	7.67302e-06	0.000239883	23.9415	0.0222444	10	0.001
0	0	100	5e-06	0.4	1e-05	0.0245294	7.3298e-06	0.000251189	25.0721	0.0222552	10	0.001
0	0	100	5e-06	0.4	1e-05	0.0245408	7.00184e-06	0.000263027	26.2559	0.0222656	10	0.001
0	0	100	5e-06	0.4	1e-05	0.0245517	6.68847e-06	0.000275423	27.4954	0.0222755	10	0.001
0	0	100	5e-06	0.4	1e-05	0.0245621	6.38905e-06	0.000288403	28.7934	0.0222849	10	0.001
0	0	100	5e-06	0.4	1e-05	0.024572	6.10296e-06	0.000301995	30.1526	0.0222939	10	0.001
0	0	100	5e-06	0.4	1e-05	0.0245815	5.82962e-06	0.000316228	31.5759	0.0223026	10	0.001
0	0	100	5e-06	0.4	1e-05	0.0245906	5.56846e-06	0.000331131	33.0662	0.0223108	10	0.001
0	0	100	5e-06	0.4	1e-05	0.0245993	5.31895e-06	0.000346737	34.6267	0.0223187	10	0.001
0	0	100	5e-06	0.4	1e-05	0.0246076	5.08058e-06	0.000363078	36.2608	0.0223262	10	0.001
0	0	100	5e-06	0.4	1e-05	0.0246155	4.85284e-06	0.000380189	37.972	0.0223334	10	0.001
0	0	100	5e-06	0.4	1e-05	0.0246231	4.63527e-06	0.000398107	39.7637	0.0223403	10	0.001
0	0	100	5e-06	0.4	1e-05	0.0246303	4.42742e-06	0.000416869	41.6399	0.0223468	10	0.001
0	0	100	5e-06	0.4	1e-05	0.0246372	4.22885e-06	0.000436516	43.6046	0.0223531	10	0.001
0	0	100	5e-06	0.4	1e-05	0.0246438	4.03916e-06	0.000457088	45.6618	0.0223591	10	0.001
0	0	100	5e-06	0.4	1e-05	0.0246501	3.85795e-06	0.00047863	47.816	0.0223648	10	0.001
0	0	100	5e-06	0.4	1e-05	0.0246562	3.68485e-06	0.000501187	50.0717	0.0223703	10	0.001
0	0	100	5e-06	0.4	1e-05	0.0246619	3.51949e-06	0.000524807	52.4337	0.0223755	10	0.001
0	0	100	5e-06	0.4	1e-05	0.0246674	3.36153e-06	0.000549541	54.907	0.0223805	10	0.001
0	0	100	5e-06	0.4	1e-05	0.0246727	3.21064e-06	0.00057544	57.4969	0.0223852	10	0.001
0	0	100	5e-06	0.4	1e-05	0.0246777	3.0665e-06	0.00060256	60.2089	0.0223898	10	0.001
0	0	100	5e-06	0.4	1e-05	0.0246825	2.92883e-06	0.000630957	63.0486	0.0223941	10	0.001
0	0	100	5e-06	0.4	1e-05	0.0246871	2.79731e-06	0.000660693	66.0222	0.0223983	10	0.001
0	0	100	5e-06	0.4	1e-05	0.0246914	2.67169e-06	0.000691831	69.136	0.0224023	10	0.001
0	0	100	5e-06	0.4	1e-05	0.0246956	2.5517e-06	0.000724436	72.3965	0.022406	10	0.001
0	0	100	5e-06	0.4	1e-05	0.0246996	2.43709e-06	0.000758578	75.8106	0.0224097	10	0.001
0	0	100	5e-06	0.4	1e-05	0.0247034	2.32761e-06	0.000794328	79.3857	0.0224131	10	0.001
0	0	100	5e-06	0.4	1e-05	0.024707	2.22305e-06	0.000831764	83.1292	0.0224164	10	0.001
0	0	100	5e-06	0.4	1e-05	0.0247105	2.12317e-06	0.000870964	87.0492	0.0224196	10	0.001
0	0	100	5e-06	0.4	1e-05	0.0247138	2.02777e-06	0.000912011	91.1539	0.0224226	10	0.001
0	0	100	5e-06	0.4	1e-05	0.024717	1.93665e-06	0.000954993	95.4521	0.0224255	10	0.001
0	0	100	5e-06	0.4	1e-05	0.02472	1.84962e-06	0.001	99.9528	0.0224282	10	0.001