(NADA).ET	(NNMT).ET	(NAMPT).ET	(NAMPT).Km	(NNMT).Km	Values[cell division rate]	[NAD]	(SIRT).Flux	(NAM import).v	[NAM]	[NMN]	(SIRT).ET	Values[scaling].InitialValue
0	0	100	0.001	0.4	2.7e-06	0.0246138	4.98126e-06	0.0001	36.9901	0.0223318	10	0.001
0	0	100	0.001	0.4	2.82828e-06	0.024605	5.21681e-06	0.0001	35.3103	0.0223238	10	0.001
0	0	100	0.001	0.4	2.96265e-06	0.0245957	5.46345e-06	0.0001	33.7067	0.0223154	10	0.001
0	0	100	0.001	0.4	3.1034e-06	0.024586	5.72169e-06	0.0001	32.1758	0.0223066	10	0.001
0	0	100	0.001	0.4	3.25084e-06	0.0245759	5.99206e-06	0.0001	30.7144	0.0222974	10	0.001
0	0	100	0.001	0.4	3.40529e-06	0.0245653	6.27514e-06	0.0001	29.3192	0.0222878	10	0.001
0	0	100	0.001	0.4	3.56707e-06	0.0245541	6.57151e-06	0.0001	27.9874	0.0222777	10	0.001
0	0	100	0.001	0.4	3.73654e-06	0.0245425	6.8818e-06	0.0001	26.7159	0.0222671	10	0.001
0	0	100	0.001	0.4	3.91406e-06	0.0245303	7.20663e-06	0.0001	25.5021	0.0222561	10	0.001
0	0	100	0.001	0.4	4.10001e-06	0.0245175	7.5467e-06	0.0001	24.3434	0.0222445	10	0.001
0	0	100	0.001	0.4	4.2948e-06	0.0245042	7.90269e-06	0.0001	23.2372	0.0222324	10	0.001
0	0	100	0.001	0.4	4.49885e-06	0.0244902	8.27535e-06	0.0001	22.1812	0.0222197	10	0.001
0	0	100	0.001	0.4	4.71258e-06	0.0244756	8.66544e-06	0.0001	21.1731	0.0222064	10	0.001
0	0	100	0.001	0.4	4.93648e-06	0.0244603	9.07377e-06	0.0001	20.2107	0.0221926	10	0.001
0	0	100	0.001	0.4	5.17101e-06	0.0244443	9.50117e-06	0.0001	19.292	0.022178	10	0.001
0	0	100	0.001	0.4	5.41668e-06	0.0244275	9.94851e-06	0.0001	18.4149	0.0221628	10	0.001
0	0	100	0.001	0.4	5.67402e-06	0.0244099	1.04167e-05	0.0001	17.5776	0.0221469	10	0.001
0	0	100	0.001	0.4	5.94359e-06	0.0243916	1.09067e-05	0.0001	16.7783	0.0221302	10	0.001
0	0	100	0.001	0.4	6.22597e-06	0.0243724	1.14196e-05	0.0001	16.0153	0.0221128	10	0.001
0	0	100	0.001	0.4	6.52176e-06	0.0243523	1.19562e-05	0.0001	15.2868	0.0220946	10	0.001
0	0	100	0.001	0.4	6.8316e-06	0.0243312	1.25178e-05	0.0001	14.5914	0.0220755	10	0.001
0	0	100	0.001	0.4	7.15617e-06	0.0243092	1.31055e-05	0.0001	13.9276	0.0220555	10	0.001
0	0	100	0.001	0.4	7.49615e-06	0.0242862	1.37203e-05	0.0001	13.2938	0.0220346	10	0.001
0	0	100	0.001	0.4	7.85229e-06	0.0242621	1.43637e-05	0.0001	12.6888	0.0220128	10	0.001
0	0	100	0.001	0.4	8.22535e-06	0.0242369	1.50367e-05	0.0001	12.1113	0.0219899	10	0.001
0	0	100	0.001	0.4	8.61613e-06	0.0242105	1.57409e-05	0.0001	11.5599	0.021966	10	0.001
0	0	100	0.001	0.4	9.02548e-06	0.024183	1.64775e-05	0.0001	11.0336	0.021941	10	0.001
0	0	100	0.001	0.4	9.45427e-06	0.0241542	1.7248e-05	0.0001	10.5311	0.0219149	10	0.001
0	0	100	0.001	0.4	9.90344e-06	0.024124	1.80539e-05	0.0001	10.0515	0.0218875	10	0.001
0	0	100	0.001	0.4	1.03739e-05	0.0240925	1.88968e-05	0.0001	9.59356	0.0218589	10	0.001
0	0	100	0.001	0.4	1.08668e-05	0.0240596	1.97782e-05	0.0001	9.15642	0.021829	10	0.001
0	0	100	0.001	0.4	1.13831e-05	0.0240251	2.07e-05	0.0001	8.73912	0.0217978	10	0.001
0	0	100	0.001	0.4	1.19239e-05	0.0239891	2.16638e-05	0.0001	8.34075	0.0217651	10	0.001
0	0	100	0.001	0.4	1.24904e-05	0.0239515	2.26715e-05	0.0001	7.96045	0.021731	10	0.001
0	0	100	0.001	0.4	1.30838e-05	0.0239121	2.3725e-05	0.0001	7.59741	0.0216953	10	0.001
0	0	100	0.001	0.4	1.37054e-05	0.023871	2.48263e-05	0.0001	7.25084	0.021658	10	0.001
0	0	100	0.001	0.4	1.43565e-05	0.023828	2.59773e-05	0.0001	6.92	0.021619	10	0.001
0	0	100	0.001	0.4	1.50386e-05	0.0237832	2.71803e-05	0.0001	6.60417	0.0215783	10	0.001
0	0	100	0.001	0.4	1.57531e-05	0.0237363	2.84374e-05	0.0001	6.30267	0.0215358	10	0.001
0	0	100	0.001	0.4	1.65015e-05	0.0236873	2.97509e-05	0.0001	6.01485	0.0214914	10	0.001
0	0	100	0.001	0.4	1.72855e-05	0.0236362	3.11232e-05	0.0001	5.7401	0.021445	10	0.001
0	0	100	0.001	0.4	1.81067e-05	0.0235828	3.25566e-05	0.0001	5.47781	0.0213965	10	0.001
0	0	100	0.001	0.4	1.89669e-05	0.023527	3.40538e-05	0.0001	5.22744	0.021346	10	0.001
0	0	100	0.001	0.4	1.98681e-05	0.0234689	3.56173e-05	0.0001	4.98842	0.0212932	10	0.001
0	0	100	0.001	0.4	2.0812e-05	0.0234081	3.72498e-05	0.0001	4.76026	0.0212381	10	0.001
0	0	100	0.001	0.4	2.18007e-05	0.0233448	3.89541e-05	0.0001	4.54245	0.0211806	10	0.001
0	0	100	0.001	0.4	2.28365e-05	0.0232786	4.0733e-05	0.0001	4.33454	0.0211206	10	0.001
0	0	100	0.001	0.4	2.39214e-05	0.0232097	4.25895e-05	0.0001	4.13606	0.021058	10	0.001
0	0	100	0.001	0.4	2.50579e-05	0.0231378	4.45265e-05	0.0001	3.9466	0.0209928	10	0.001
0	0	100	0.001	0.4	2.62484e-05	0.0230628	4.65473e-05	0.0001	3.76575	0.0209248	10	0.001
0	0	100	0.001	0.4	2.74955e-05	0.0229846	4.86549e-05	0.0001	3.5931	0.0208539	10	0.001
0	0	100	0.001	0.4	2.88017e-05	0.0229032	5.08526e-05	0.0001	3.42831	0.02078	10	0.001
0	0	100	0.001	0.4	3.01701e-05	0.0228183	5.31437e-05	0.0001	3.271	0.020703	10	0.001
0	0	100	0.001	0.4	3.16035e-05	0.0227299	5.55317e-05	0.0001	3.12084	0.0206228	10	0.001
0	0	100	0.001	0.4	3.31049e-05	0.0226379	5.80199e-05	0.0001	2.9775	0.0205393	10	0.001
0	0	100	0.001	0.4	3.46777e-05	0.0225421	6.0612e-05	0.0001	2.84068	0.0204524	10	0.001
0	0	100	0.001	0.4	3.63252e-05	0.0224424	6.33113e-05	0.0001	2.71008	0.020362	10	0.001
0	0	100	0.001	0.4	3.8051e-05	0.0223386	6.61216e-05	0.0001	2.58542	0.0202679	10	0.001
0	0	100	0.001	0.4	3.98588e-05	0.0222308	6.90465e-05	0.0001	2.46643	0.02017	10	0.001
0	0	100	0.001	0.4	4.17525e-05	0.0221186	7.20897e-05	0.0001	2.35286	0.0200683	10	0.001
0	0	100	0.001	0.4	4.37361e-05	0.0220021	7.52548e-05	0.0001	2.24445	0.0199626	10	0.001
0	0	100	0.001	0.4	4.5814e-05	0.021881	7.85455e-05	0.0001	2.14098	0.0198527	10	0.001
0	0	100	0.001	0.4	4.79906e-05	0.0217554	8.19655e-05	0.0001	2.04223	0.0197387	10	0.001
0	0	100	0.001	0.4	5.02706e-05	0.0216249	8.55183e-05	0.0001	1.94797	0.0196204	10	0.001
0	0	100	0.001	0.4	5.26589e-05	0.0214896	8.92077e-05	0.0001	1.85801	0.0194976	10	0.001
0	0	100	0.001	0.4	5.51607e-05	0.0213492	9.30371e-05	0.0001	1.77214	0.0193703	10	0.001
0	0	100	0.001	0.4	5.77814e-05	0.0212038	9.70099e-05	0.0001	1.6902	0.0192384	10	0.001
0	0	100	0.001	0.4	6.05266e-05	0.0210532	0.000101129	0.0001	1.61199	0.0191017	10	0.001
0	0	100	0.001	0.4	6.34021e-05	0.0208972	0.000105399	0.0001	1.53736	0.0189602	10	0.001
0	0	100	0.001	0.4	6.64143e-05	0.0207359	0.000109821	0.0001	1.46613	0.0188139	10	0.001
0	0	100	0.001	0.4	6.95696e-05	0.020569	0.0001144	0.0001	1.39816	0.0186625	10	0.001
0	0	100	0.001	0.4	7.28749e-05	0.0203966	0.000119136	0.0001	1.33329	0.0185061	10	0.001
0	0	100	0.001	0.4	7.63371e-05	0.0202186	0.000124034	0.0001	1.2714	0.0183446	10	0.001
0	0	100	0.001	0.4	7.99638e-05	0.0200349	0.000129094	0.0001	1.21233	0.0181779	10	0.001
0	0	100	0.001	0.4	8.37629e-05	0.0198454	0.000134319	0.0001	1.15598	0.0180061	10	0.001
0	0	100	0.001	0.4	8.77424e-05	0.0196502	0.00013971	0.0001	1.1022	0.017829	10	0.001
0	0	100	0.001	0.4	9.1911e-05	0.0194492	0.000145268	0.0001	1.05089	0.0176467	10	0.001
0	0	100	0.001	0.4	9.62776e-05	0.0192425	0.000150993	0.0001	1.00194	0.0174591	10	0.001
0	0	100	0.001	0.4	0.000100852	0.01903	0.000156886	0.0001	0.95524	0.0172664	10	0.001
0	0	100	0.001	0.4	0.000105643	0.0188118	0.000162946	0.0001	0.910685	0.0170684	10	0.001
0	0	100	0.001	0.4	0.000110662	0.0185879	0.000169172	0.0001	0.86818	0.0168653	10	0.001
0	0	100	0.001	0.4	0.00011592	0.0183585	0.000175563	0.0001	0.827633	0.0166572	10	0.001
0	0	100	0.001	0.4	0.000121427	0.0181236	0.000182116	0.0001	0.788955	0.0164441	10	0.001
0	0	100	0.001	0.4	0.000127196	0.0178834	0.000188828	0.0001	0.752062	0.0162262	10	0.001
0	0	100	0.001	0.4	0.000133239	0.0176379	0.000195697	0.0001	0.716873	0.0160035	10	0.001
0	0	100	0.001	0.4	0.000139569	0.0173874	0.000202717	0.0001	0.683311	0.0157763	10	0.001
0	0	100	0.001	0.4	0.0001462	0.0171321	0.000209884	0.0001	0.651302	0.0155447	10	0.001
0	0	100	0.001	0.4	0.000153146	0.0168722	0.000217192	0.0001	0.620776	0.0153089	10	0.001
0	0	100	0.001	0.4	0.000160422	0.0166079	0.000224634	0.0001	0.591665	0.0150691	10	0.001
0	0	100	0.001	0.4	0.000168043	0.0163395	0.000232204	0.0001	0.563905	0.0148256	10	0.001
0	0	100	0.001	0.4	0.000176027	0.0160673	0.000239893	0.0001	0.537434	0.0145787	10	0.001
0	0	100	0.001	0.4	0.00018439	0.0157916	0.000247691	0.0001	0.512195	0.0143285	10	0.001
0	0	100	0.001	0.4	0.00019315	0.0155127	0.000255591	0.0001	0.488129	0.0140756	10	0.001
0	0	100	0.001	0.4	0.000202326	0.015231	0.000263582	0.0001	0.465185	0.01382	10	0.001
0	0	100	0.001	0.4	0.000211939	0.0149469	0.000271652	0.0001	0.443311	0.0135623	10	0.001
0	0	100	0.001	0.4	0.000222008	0.0146608	0.00027979	0.0001	0.422457	0.0133027	10	0.001
0	0	100	0.001	0.4	0.000232555	0.014373	0.000287985	0.0001	0.402577	0.0130417	10	0.001
0	0	100	0.001	0.4	0.000243604	0.014084	0.000296224	0.0001	0.383625	0.0127795	10	0.001
0	0	100	0.001	0.4	0.000255177	0.0137943	0.000304494	0.0001	0.36556	0.0125167	10	0.001
0	0	100	0.001	0.4	0.000267301	0.0135042	0.000312782	0.0001	0.34834	0.0122535	10	0.001
0	0	100	0.001	0.4	0.00028	0.0132142	0.000321073	0.0001	0.331926	0.0119904	10	0.001