(NADA).ET	(NNMT).ET	(NAMPT).ET	(NAMPT).Km	(NNMT).Km	Values[cell division rate]	[NAD]	(SIRT).Flux	(NAM import).v	[NAM]	[NMN]	(SIRT).ET	Values[scaling].InitialValue
0	10	400	5e-06	0.4	2.7e-06	0.00136339	0.00298387	0.0001	0.000494396	0.00125011	100	0.001
0	10	400	5e-06	0.4	2.82828e-06	0.00136339	0.00298387	0.0001	0.000494394	0.00125011	100	0.001
0	10	400	5e-06	0.4	2.96265e-06	0.00136338	0.00298387	0.0001	0.000494392	0.00125011	100	0.001
0	10	400	5e-06	0.4	3.1034e-06	0.00136338	0.00298386	0.0001	0.00049439	0.00125011	100	0.001
0	10	400	5e-06	0.4	3.25084e-06	0.00136338	0.00298386	0.0001	0.000494388	0.00125011	100	0.001
0	10	400	5e-06	0.4	3.40529e-06	0.00136338	0.00298386	0.0001	0.000494385	0.00125011	100	0.001
0	10	400	5e-06	0.4	3.56707e-06	0.00136338	0.00298386	0.0001	0.000494383	0.00125011	100	0.001
0	10	400	5e-06	0.4	3.73654e-06	0.00136338	0.00298386	0.0001	0.00049438	0.00125011	100	0.001
0	10	400	5e-06	0.4	3.91406e-06	0.00136338	0.00298386	0.0001	0.000494377	0.00125011	100	0.001
0	10	400	5e-06	0.4	4.10001e-06	0.00136338	0.00298386	0.0001	0.000494374	0.00125011	100	0.001
0	10	400	5e-06	0.4	4.2948e-06	0.00136338	0.00298386	0.0001	0.000494371	0.00125011	100	0.001
0	10	400	5e-06	0.4	4.49885e-06	0.00136338	0.00298386	0.0001	0.000494368	0.00125011	100	0.001
0	10	400	5e-06	0.4	4.71258e-06	0.00136338	0.00298386	0.0001	0.000494365	0.00125011	100	0.001
0	10	400	5e-06	0.4	4.93648e-06	0.00136338	0.00298386	0.0001	0.000494362	0.00125011	100	0.001
0	10	400	5e-06	0.4	5.17101e-06	0.00136338	0.00298386	0.0001	0.000494358	0.00125011	100	0.001
0	10	400	5e-06	0.4	5.41668e-06	0.00136338	0.00298386	0.0001	0.000494354	0.0012501	100	0.001
0	10	400	5e-06	0.4	5.67402e-06	0.00136338	0.00298385	0.0001	0.00049435	0.0012501	100	0.001
0	10	400	5e-06	0.4	5.94359e-06	0.00136338	0.00298385	0.0001	0.000494346	0.0012501	100	0.001
0	10	400	5e-06	0.4	6.22597e-06	0.00136338	0.00298385	0.0001	0.000494342	0.0012501	100	0.001
0	10	400	5e-06	0.4	6.52176e-06	0.00136338	0.00298385	0.0001	0.000494337	0.0012501	100	0.001
0	10	400	5e-06	0.4	6.8316e-06	0.00136338	0.00298385	0.0001	0.000494332	0.0012501	100	0.001
0	10	400	5e-06	0.4	7.15617e-06	0.00136338	0.00298385	0.0001	0.000494327	0.0012501	100	0.001
0	10	400	5e-06	0.4	7.49615e-06	0.00136337	0.00298385	0.0001	0.000494322	0.0012501	100	0.001
0	10	400	5e-06	0.4	7.85229e-06	0.00136337	0.00298385	0.0001	0.000494317	0.0012501	100	0.001
0	10	400	5e-06	0.4	8.22535e-06	0.00136337	0.00298384	0.0001	0.000494311	0.0012501	100	0.001
0	10	400	5e-06	0.4	8.61613e-06	0.00136337	0.00298384	0.0001	0.000494305	0.0012501	100	0.001
0	10	400	5e-06	0.4	9.02548e-06	0.00136337	0.00298384	0.0001	0.000494299	0.0012501	100	0.001
0	10	400	5e-06	0.4	9.45427e-06	0.00136337	0.00298384	0.0001	0.000494292	0.0012501	100	0.001
0	10	400	5e-06	0.4	9.90344e-06	0.00136337	0.00298384	0.0001	0.000494285	0.0012501	100	0.001
0	10	400	5e-06	0.4	1.03739e-05	0.00136337	0.00298384	0.0001	0.000494278	0.00125009	100	0.001
0	10	400	5e-06	0.4	1.08668e-05	0.00136337	0.00298383	0.0001	0.00049427	0.00125009	100	0.001
0	10	400	5e-06	0.4	1.13831e-05	0.00136337	0.00298383	0.0001	0.000494262	0.00125009	100	0.001
0	10	400	5e-06	0.4	1.19239e-05	0.00136336	0.00298383	0.0001	0.000494254	0.00125009	100	0.001
0	10	400	5e-06	0.4	1.24904e-05	0.00136336	0.00298383	0.0001	0.000494245	0.00125009	100	0.001
0	10	400	5e-06	0.4	1.30838e-05	0.00136336	0.00298382	0.0001	0.000494236	0.00125009	100	0.001
0	10	400	5e-06	0.4	1.37054e-05	0.00136336	0.00298382	0.0001	0.000494227	0.00125009	100	0.001
0	10	400	5e-06	0.4	1.43565e-05	0.00136336	0.00298382	0.0001	0.000494217	0.00125009	100	0.001
0	10	400	5e-06	0.4	1.50386e-05	0.00136336	0.00298382	0.0001	0.000494206	0.00125008	100	0.001
0	10	400	5e-06	0.4	1.57531e-05	0.00136336	0.00298381	0.0001	0.000494195	0.00125008	100	0.001
0	10	400	5e-06	0.4	1.65015e-05	0.00136335	0.00298381	0.0001	0.000494184	0.00125008	100	0.001
0	10	400	5e-06	0.4	1.72855e-05	0.00136335	0.00298381	0.0001	0.000494172	0.00125008	100	0.001
0	10	400	5e-06	0.4	1.81067e-05	0.00136335	0.0029838	0.0001	0.000494159	0.00125008	100	0.001
0	10	400	5e-06	0.4	1.89669e-05	0.00136335	0.0029838	0.0001	0.000494146	0.00125008	100	0.001
0	10	400	5e-06	0.4	1.98681e-05	0.00136335	0.0029838	0.0001	0.000494132	0.00125007	100	0.001
0	10	400	5e-06	0.4	2.0812e-05	0.00136334	0.00298379	0.0001	0.000494117	0.00125007	100	0.001
0	10	400	5e-06	0.4	2.18007e-05	0.00136334	0.00298379	0.0001	0.000494102	0.00125007	100	0.001
0	10	400	5e-06	0.4	2.28365e-05	0.00136334	0.00298378	0.0001	0.000494086	0.00125007	100	0.001
0	10	400	5e-06	0.4	2.39214e-05	0.00136334	0.00298378	0.0001	0.000494069	0.00125007	100	0.001
0	10	400	5e-06	0.4	2.50579e-05	0.00136333	0.00298378	0.0001	0.000494052	0.00125006	100	0.001
0	10	400	5e-06	0.4	2.62484e-05	0.00136333	0.00298377	0.0001	0.000494034	0.00125006	100	0.001
0	10	400	5e-06	0.4	2.74955e-05	0.00136333	0.00298377	0.0001	0.000494014	0.00125006	100	0.001
0	10	400	5e-06	0.4	2.88017e-05	0.00136333	0.00298376	0.0001	0.000493994	0.00125006	100	0.001
0	10	400	5e-06	0.4	3.01701e-05	0.00136332	0.00298375	0.0001	0.000493973	0.00125005	100	0.001
0	10	400	5e-06	0.4	3.16035e-05	0.00136332	0.00298375	0.0001	0.000493951	0.00125005	100	0.001
0	10	400	5e-06	0.4	3.31049e-05	0.00136332	0.00298374	0.0001	0.000493928	0.00125005	100	0.001
0	10	400	5e-06	0.4	3.46777e-05	0.00136331	0.00298374	0.0001	0.000493904	0.00125004	100	0.001
0	10	400	5e-06	0.4	3.63252e-05	0.00136331	0.00298373	0.0001	0.000493879	0.00125004	100	0.001
0	10	400	5e-06	0.4	3.8051e-05	0.0013633	0.00298372	0.0001	0.000493852	0.00125004	100	0.001
0	10	400	5e-06	0.4	3.98588e-05	0.0013633	0.00298372	0.0001	0.000493824	0.00125003	100	0.001
0	10	400	5e-06	0.4	4.17525e-05	0.0013633	0.00298371	0.0001	0.000493795	0.00125003	100	0.001
0	10	400	5e-06	0.4	4.37361e-05	0.00136329	0.0029837	0.0001	0.000493765	0.00125002	100	0.001
0	10	400	5e-06	0.4	4.5814e-05	0.00136329	0.00298369	0.0001	0.000493733	0.00125002	100	0.001
0	10	400	5e-06	0.4	4.79906e-05	0.00136328	0.00298368	0.0001	0.000493699	0.00125002	100	0.001
0	10	400	5e-06	0.4	5.02706e-05	0.00136328	0.00298367	0.0001	0.000493664	0.00125001	100	0.001
0	10	400	5e-06	0.4	5.26589e-05	0.00136327	0.00298366	0.0001	0.000493627	0.00125001	100	0.001
0	10	400	5e-06	0.4	5.51607e-05	0.00136326	0.00298365	0.0001	0.000493589	0.00125	100	0.001
0	10	400	5e-06	0.4	5.77814e-05	0.00136326	0.00298364	0.0001	0.000493549	0.00124999	100	0.001
0	10	400	5e-06	0.4	6.05266e-05	0.00136325	0.00298363	0.0001	0.000493506	0.00124999	100	0.001
0	10	400	5e-06	0.4	6.34021e-05	0.00136325	0.00298362	0.0001	0.000493462	0.00124998	100	0.001
0	10	400	5e-06	0.4	6.64143e-05	0.00136324	0.00298361	0.0001	0.000493416	0.00124998	100	0.001
0	10	400	5e-06	0.4	6.95696e-05	0.00136323	0.0029836	0.0001	0.000493367	0.00124997	100	0.001
0	10	400	5e-06	0.4	7.28749e-05	0.00136322	0.00298358	0.0001	0.000493316	0.00124996	100	0.001
0	10	400	5e-06	0.4	7.63371e-05	0.00136322	0.00298357	0.0001	0.000493263	0.00124996	100	0.001
0	10	400	5e-06	0.4	7.99638e-05	0.00136321	0.00298355	0.0001	0.000493207	0.00124995	100	0.001
0	10	400	5e-06	0.4	8.37629e-05	0.0013632	0.00298354	0.0001	0.000493149	0.00124994	100	0.001
0	10	400	5e-06	0.4	8.77424e-05	0.00136319	0.00298352	0.0001	0.000493088	0.00124993	100	0.001
0	10	400	5e-06	0.4	9.1911e-05	0.00136318	0.0029835	0.0001	0.000493024	0.00124992	100	0.001
0	10	400	5e-06	0.4	9.62776e-05	0.00136317	0.00298349	0.0001	0.000492957	0.00124991	100	0.001
0	10	400	5e-06	0.4	0.000100852	0.00136316	0.00298347	0.0001	0.000492886	0.0012499	100	0.001
0	10	400	5e-06	0.4	0.000105643	0.00136315	0.00298345	0.0001	0.000492813	0.00124989	100	0.001
0	10	400	5e-06	0.4	0.000110662	0.00136314	0.00298343	0.0001	0.000492735	0.00124988	100	0.001
0	10	400	5e-06	0.4	0.00011592	0.00136312	0.00298341	0.0001	0.000492655	0.00124987	100	0.001
0	10	400	5e-06	0.4	0.000121427	0.00136311	0.00298338	0.0001	0.00049257	0.00124986	100	0.001
0	10	400	5e-06	0.4	0.000127196	0.0013631	0.00298336	0.0001	0.000492481	0.00124985	100	0.001
0	10	400	5e-06	0.4	0.000133239	0.00136308	0.00298334	0.0001	0.000492388	0.00124984	100	0.001
0	10	400	5e-06	0.4	0.000139569	0.00136307	0.00298331	0.0001	0.000492291	0.00124982	100	0.001
0	10	400	5e-06	0.4	0.0001462	0.00136305	0.00298328	0.0001	0.000492189	0.00124981	100	0.001
0	10	400	5e-06	0.4	0.000153146	0.00136304	0.00298326	0.0001	0.000492083	0.00124979	100	0.001
0	10	400	5e-06	0.4	0.000160422	0.00136302	0.00298323	0.0001	0.000491971	0.00124978	100	0.001
0	10	400	5e-06	0.4	0.000168043	0.001363	0.0029832	0.0001	0.000491854	0.00124976	100	0.001
0	10	400	5e-06	0.4	0.000176027	0.00136299	0.00298316	0.0001	0.000491731	0.00124975	100	0.001
0	10	400	5e-06	0.4	0.00018439	0.00136297	0.00298313	0.0001	0.000491603	0.00124973	100	0.001
0	10	400	5e-06	0.4	0.00019315	0.00136295	0.00298309	0.0001	0.000491468	0.00124971	100	0.001
0	10	400	5e-06	0.4	0.000202326	0.00136293	0.00298306	0.0001	0.000491327	0.00124969	100	0.001
0	10	400	5e-06	0.4	0.000211939	0.0013629	0.00298302	0.0001	0.00049118	0.00124967	100	0.001
0	10	400	5e-06	0.4	0.000222008	0.00136288	0.00298298	0.0001	0.000491025	0.00124965	100	0.001
0	10	400	5e-06	0.4	0.000232555	0.00136286	0.00298293	0.0001	0.000490863	0.00124963	100	0.001
0	10	400	5e-06	0.4	0.000243604	0.00136283	0.00298289	0.0001	0.000490694	0.0012496	100	0.001
0	10	400	5e-06	0.4	0.000255177	0.0013628	0.00298284	0.0001	0.000490516	0.00124958	100	0.001
0	10	400	5e-06	0.4	0.000267301	0.00136278	0.00298279	0.0001	0.00049033	0.00124955	100	0.001
0	10	400	5e-06	0.4	0.00028	0.00136275	0.00298274	0.0001	0.000490135	0.00124953	100	0.001