(NADA).ET	(NNMT).ET	(NAMPT).ET	(NAMPT).Km	(NNMT).Km	Values[cell division rate]	[NAD]	(SIRT).Flux	(NAM import).v	[NAM]	[NMN]	(SIRT).ET	Values[scaling].InitialValue
0	0	100	5e-06	0.4	2.7e-06	0.0246229	4.98226e-06	0.0001	36.9901	0.0223401	10	0.001
0	0	100	5e-06	0.4	2.82828e-06	0.0246145	5.21791e-06	0.0001	35.3103	0.0223325	10	0.001
0	0	100	5e-06	0.4	2.96265e-06	0.0246057	5.46466e-06	0.0001	33.7067	0.0223245	10	0.001
0	0	100	5e-06	0.4	3.1034e-06	0.0245965	5.72301e-06	0.0001	32.1758	0.0223161	10	0.001
0	0	100	5e-06	0.4	3.25084e-06	0.0245868	5.99351e-06	0.0001	30.7144	0.0223074	10	0.001
0	0	100	5e-06	0.4	3.40529e-06	0.0245767	6.27673e-06	0.0001	29.3192	0.0222982	10	0.001
0	0	100	5e-06	0.4	3.56707e-06	0.0245662	6.57326e-06	0.0001	27.9873	0.0222886	10	0.001
0	0	100	5e-06	0.4	3.73654e-06	0.0245551	6.88371e-06	0.0001	26.7159	0.0222786	10	0.001
0	0	100	5e-06	0.4	3.91406e-06	0.0245435	7.20874e-06	0.0001	25.5021	0.022268	10	0.001
0	0	100	5e-06	0.4	4.10001e-06	0.0245313	7.549e-06	0.0001	24.3434	0.022257	10	0.001
0	0	100	5e-06	0.4	4.2948e-06	0.0245186	7.90522e-06	0.0001	23.2372	0.0222455	10	0.001
0	0	100	5e-06	0.4	4.49885e-06	0.0245053	8.27813e-06	0.0001	22.1812	0.0222334	10	0.001
0	0	100	5e-06	0.4	4.71258e-06	0.0244914	8.66849e-06	0.0001	21.173	0.0222208	10	0.001
0	0	100	5e-06	0.4	4.93648e-06	0.0244768	9.07711e-06	0.0001	20.2107	0.0222076	10	0.001
0	0	100	5e-06	0.4	5.17101e-06	0.0244616	9.50483e-06	0.0001	19.2919	0.0221937	10	0.001
0	0	100	5e-06	0.4	5.41668e-06	0.0244456	9.95254e-06	0.0001	18.4149	0.0221792	10	0.001
0	0	100	5e-06	0.4	5.67402e-06	0.0244289	1.04211e-05	0.0001	17.5776	0.0221641	10	0.001
0	0	100	5e-06	0.4	5.94359e-06	0.0244114	1.09116e-05	0.0001	16.7783	0.0221482	10	0.001
0	0	100	5e-06	0.4	6.22597e-06	0.0243931	1.14249e-05	0.0001	16.0152	0.0221316	10	0.001
0	0	100	5e-06	0.4	6.52176e-06	0.024374	1.1962e-05	0.0001	15.2868	0.0221143	10	0.001
0	0	100	5e-06	0.4	6.8316e-06	0.0243539	1.25242e-05	0.0001	14.5914	0.0220961	10	0.001
0	0	100	5e-06	0.4	7.15617e-06	0.024333	1.31125e-05	0.0001	13.9275	0.0220771	10	0.001
0	0	100	5e-06	0.4	7.49615e-06	0.024311	1.3728e-05	0.0001	13.2938	0.0220572	10	0.001
0	0	100	5e-06	0.4	7.85229e-06	0.0242881	1.43721e-05	0.0001	12.6888	0.0220364	10	0.001
0	0	100	5e-06	0.4	8.22535e-06	0.0242641	1.5046e-05	0.0001	12.1112	0.0220146	10	0.001
0	0	100	5e-06	0.4	8.61613e-06	0.024239	1.5751e-05	0.0001	11.5599	0.0219918	10	0.001
0	0	100	5e-06	0.4	9.02548e-06	0.0242127	1.64886e-05	0.0001	11.0335	0.021968	10	0.001
0	0	100	5e-06	0.4	9.45427e-06	0.0241853	1.72602e-05	0.0001	10.5311	0.0219431	10	0.001
0	0	100	5e-06	0.4	9.90344e-06	0.0241565	1.80673e-05	0.0001	10.0514	0.021917	10	0.001
0	0	100	5e-06	0.4	1.03739e-05	0.0241265	1.89114e-05	0.0001	9.59349	0.0218898	10	0.001
0	0	100	5e-06	0.4	1.08668e-05	0.0240951	1.97943e-05	0.0001	9.15635	0.0218613	10	0.001
0	0	100	5e-06	0.4	1.13831e-05	0.0240622	2.07177e-05	0.0001	8.73905	0.0218315	10	0.001
0	0	100	5e-06	0.4	1.19239e-05	0.0240279	2.16832e-05	0.0001	8.34067	0.0218003	10	0.001
0	0	100	5e-06	0.4	1.24904e-05	0.023992	2.26928e-05	0.0001	7.96037	0.0217678	10	0.001
0	0	100	5e-06	0.4	1.30838e-05	0.0239545	2.37483e-05	0.0001	7.59733	0.0217337	10	0.001
0	0	100	5e-06	0.4	1.37054e-05	0.0239153	2.48518e-05	0.0001	7.25076	0.0216982	10	0.001
0	0	100	5e-06	0.4	1.43565e-05	0.0238743	2.60053e-05	0.0001	6.91991	0.021661	10	0.001
0	0	100	5e-06	0.4	1.50386e-05	0.0238315	2.7211e-05	0.0001	6.60408	0.0216222	10	0.001
0	0	100	5e-06	0.4	1.57531e-05	0.0237868	2.84711e-05	0.0001	6.30257	0.0215816	10	0.001
0	0	100	5e-06	0.4	1.65015e-05	0.02374	2.97878e-05	0.0001	6.01475	0.0215392	10	0.001
0	0	100	5e-06	0.4	1.72855e-05	0.0236912	3.11636e-05	0.0001	5.73999	0.0214949	10	0.001
0	0	100	5e-06	0.4	1.81067e-05	0.0236402	3.26009e-05	0.0001	5.4777	0.0214487	10	0.001
0	0	100	5e-06	0.4	1.89669e-05	0.023587	3.41024e-05	0.0001	5.22732	0.0214004	10	0.001
0	0	100	5e-06	0.4	1.98681e-05	0.0235314	3.56705e-05	0.0001	4.9883	0.0213499	10	0.001
0	0	100	5e-06	0.4	2.0812e-05	0.0234734	3.73082e-05	0.0001	4.76013	0.0212973	10	0.001
0	0	100	5e-06	0.4	2.18007e-05	0.0234129	3.9018e-05	0.0001	4.54232	0.0212424	10	0.001
0	0	100	5e-06	0.4	2.28365e-05	0.0233497	4.08031e-05	0.0001	4.3344	0.0211851	10	0.001
0	0	100	5e-06	0.4	2.39214e-05	0.0232837	4.26663e-05	0.0001	4.13592	0.0211253	10	0.001
0	0	100	5e-06	0.4	2.50579e-05	0.023215	4.46107e-05	0.0001	3.94645	0.0210629	10	0.001
0	0	100	5e-06	0.4	2.62484e-05	0.0231433	4.66395e-05	0.0001	3.76559	0.0209978	10	0.001
0	0	100	5e-06	0.4	2.74955e-05	0.0230685	4.87559e-05	0.0001	3.59294	0.02093	10	0.001
0	0	100	5e-06	0.4	2.88017e-05	0.0229905	5.09633e-05	0.0001	3.42814	0.0208593	10	0.001
0	0	100	5e-06	0.4	3.01701e-05	0.0229093	5.32649e-05	0.0001	3.27082	0.0207856	10	0.001
0	0	100	5e-06	0.4	3.16035e-05	0.0228247	5.56644e-05	0.0001	3.12065	0.0207088	10	0.001
0	0	100	5e-06	0.4	3.31049e-05	0.0227365	5.81652e-05	0.0001	2.97731	0.0206288	10	0.001
0	0	100	5e-06	0.4	3.46777e-05	0.0226447	6.0771e-05	0.0001	2.84048	0.0205456	10	0.001
0	0	100	5e-06	0.4	3.63252e-05	0.0225492	6.34855e-05	0.0001	2.70988	0.0204589	10	0.001
0	0	100	5e-06	0.4	3.8051e-05	0.0224497	6.63122e-05	0.0001	2.58521	0.0203686	10	0.001
0	0	100	5e-06	0.4	3.98588e-05	0.0223462	6.92551e-05	0.0001	2.46621	0.0202748	10	0.001
0	0	100	5e-06	0.4	4.17525e-05	0.0222386	7.23179e-05	0.0001	2.35263	0.0201772	10	0.001
0	0	100	5e-06	0.4	4.37361e-05	0.0221268	7.55044e-05	0.0001	2.24422	0.0200757	10	0.001
0	0	100	5e-06	0.4	4.5814e-05	0.0220105	7.88185e-05	0.0001	2.14074	0.0199702	10	0.001
0	0	100	5e-06	0.4	4.79906e-05	0.0218897	8.2264e-05	0.0001	2.04197	0.0198607	10	0.001
0	0	100	5e-06	0.4	5.02706e-05	0.0217643	8.58447e-05	0.0001	1.9477	0.0197469	10	0.001
0	0	100	5e-06	0.4	5.26589e-05	0.0216342	8.95644e-05	0.0001	1.85773	0.0196288	10	0.001
0	0	100	5e-06	0.4	5.51607e-05	0.0214991	9.34268e-05	0.0001	1.77186	0.0195063	10	0.001
0	0	100	5e-06	0.4	5.77814e-05	0.0213591	9.74356e-05	0.0001	1.6899	0.0193793	10	0.001
0	0	100	5e-06	0.4	6.05266e-05	0.021214	0.000101594	0.0001	1.61169	0.0192477	10	0.001
0	0	100	5e-06	0.4	6.34021e-05	0.0210637	0.000105906	0.0001	1.53704	0.0191113	10	0.001
0	0	100	5e-06	0.4	6.64143e-05	0.0209081	0.000110375	0.0001	1.4658	0.0189702	10	0.001
0	0	100	5e-06	0.4	6.95696e-05	0.0207471	0.000115004	0.0001	1.39782	0.0188241	10	0.001
0	0	100	5e-06	0.4	7.28749e-05	0.0205806	0.000119795	0.0001	1.33294	0.0186731	10	0.001
0	0	100	5e-06	0.4	7.63371e-05	0.0204086	0.000124752	0.0001	1.27103	0.018517	10	0.001
0	0	100	5e-06	0.4	7.99638e-05	0.0202309	0.000129877	0.0001	1.21196	0.0183559	10	0.001
0	0	100	5e-06	0.4	8.37629e-05	0.0200476	0.000135171	0.0001	1.15559	0.0181896	10	0.001
0	0	100	5e-06	0.4	8.77424e-05	0.0198586	0.000140637	0.0001	1.1018	0.0180181	10	0.001
0	0	100	5e-06	0.4	9.1911e-05	0.0196639	0.000146277	0.0001	1.05049	0.0178414	10	0.001
0	0	100	5e-06	0.4	9.62776e-05	0.0194634	0.00015209	0.0001	1.00152	0.0176596	10	0.001
0	0	100	5e-06	0.4	0.000100852	0.0192571	0.000158078	0.0001	0.954807	0.0174725	10	0.001
0	0	100	5e-06	0.4	0.000105643	0.0190452	0.000164241	0.0001	0.91024	0.0172802	10	0.001
0	0	100	5e-06	0.4	0.000110662	0.0188275	0.000170578	0.0001	0.867723	0.0170828	10	0.001
0	0	100	5e-06	0.4	0.00011592	0.0186043	0.000177088	0.0001	0.827164	0.0168802	10	0.001
0	0	100	5e-06	0.4	0.000121427	0.0183755	0.000183769	0.0001	0.788475	0.0166727	10	0.001
0	0	100	5e-06	0.4	0.000127196	0.0181413	0.000190619	0.0001	0.75157	0.0164602	10	0.001
0	0	100	5e-06	0.4	0.000133239	0.0179018	0.000197635	0.0001	0.71637	0.016243	10	0.001
0	0	100	5e-06	0.4	0.000139569	0.0176572	0.000204814	0.0001	0.682796	0.016021	10	0.001
0	0	100	5e-06	0.4	0.0001462	0.0174076	0.00021215	0.0001	0.650777	0.0157946	10	0.001
0	0	100	5e-06	0.4	0.000153146	0.0171532	0.000219638	0.0001	0.62024	0.0155638	10	0.001
0	0	100	5e-06	0.4	0.000160422	0.0168943	0.000227273	0.0001	0.591118	0.015329	10	0.001
0	0	100	5e-06	0.4	0.000168043	0.0166311	0.000235047	0.0001	0.563348	0.0150902	10	0.001
0	0	100	5e-06	0.4	0.000176027	0.0163638	0.000242953	0.0001	0.536868	0.0148478	10	0.001
0	0	100	5e-06	0.4	0.00018439	0.0160929	0.000250984	0.0001	0.511619	0.014602	10	0.001
0	0	100	5e-06	0.4	0.00019315	0.0158186	0.000259128	0.0001	0.487546	0.0143532	10	0.001
0	0	100	5e-06	0.4	0.000202326	0.0155412	0.000267378	0.0001	0.464593	0.0141015	10	0.001
0	0	100	5e-06	0.4	0.000211939	0.0152612	0.000275723	0.0001	0.442711	0.0138475	10	0.001
0	0	100	5e-06	0.4	0.000222008	0.0149788	0.00028415	0.0001	0.42185	0.0135913	10	0.001
0	0	100	5e-06	0.4	0.000232555	0.0146945	0.000292649	0.0001	0.401963	0.0133335	10	0.001
0	0	100	5e-06	0.4	0.000243604	0.0144088	0.000301208	0.0001	0.383006	0.0130742	10	0.001
0	0	100	5e-06	0.4	0.000255177	0.014122	0.000309814	0.0001	0.364935	0.0128141	10	0.001
0	0	100	5e-06	0.4	0.000267301	0.0138345	0.000318453	0.0001	0.347709	0.0125533	10	0.001
0	0	100	5e-06	0.4	0.00028	0.0135469	0.000327113	0.0001	0.331291	0.0122924	10	0.001