(NADA).ET	(NNMT).ET	(NAMPT).ET	(NAMPT).Km	(NNMT).Km	Values[cell division rate]	[NAD]	(SIRT).Flux	(NAM import).v	[NAM]	[NMN]	(SIRT).ET	(NAD-consumption without Nam inhibition).ET	Values[scaling].InitialValue
10	0	100	5e-06	0.4	2.7e-06	2.38263	1.22013e-05	0.0001	32.491	2.16109	10	10	0.001
10	0	100	5e-06	0.4	2.82725e-06	2.38142	1.28588e-05	0.0001	30.8264	2.15999	10	10	0.001
10	0	100	5e-06	0.4	2.96049e-06	2.38014	1.35564e-05	0.0001	29.2369	2.15883	10	10	0.001
10	0	100	5e-06	0.4	3.10001e-06	2.37879	1.42969e-05	0.0001	27.7192	2.15761	10	10	0.001
10	0	100	5e-06	0.4	3.24611e-06	2.37737	1.50837e-05	0.0001	26.2701	2.15632	10	10	0.001
10	0	100	5e-06	0.4	3.3991e-06	2.37587	1.59202e-05	0.0001	24.8865	2.15496	10	10	0.001
10	0	100	5e-06	0.4	3.55929e-06	2.37429	1.68103e-05	0.0001	23.5654	2.15352	10	10	0.001
10	0	100	5e-06	0.4	3.72704e-06	2.37262	1.77582e-05	0.0001	22.3041	2.152	10	10	0.001
10	0	100	5e-06	0.4	3.90269e-06	2.37085	1.87687e-05	0.0001	21.0999	2.1504	10	10	0.001
10	0	100	5e-06	0.4	4.08662e-06	2.36898	1.98468e-05	0.0001	19.9502	2.14871	10	10	0.001
10	0	100	5e-06	0.4	4.27921e-06	2.367	2.09984e-05	0.0001	18.8526	2.14691	10	10	0.001
10	0	100	5e-06	0.4	4.48088e-06	2.36491	2.22297e-05	0.0001	17.8048	2.14502	10	10	0.001
10	0	100	5e-06	0.4	4.69206e-06	2.36269	2.35478e-05	0.0001	16.8046	2.143	10	10	0.001
10	0	100	5e-06	0.4	4.91319e-06	2.36034	2.49606e-05	0.0001	15.8499	2.14087	10	10	0.001
10	0	100	5e-06	0.4	5.14474e-06	2.35784	2.64768e-05	0.0001	14.9386	2.13861	10	10	0.001
10	0	100	5e-06	0.4	5.38721e-06	2.35519	2.81063e-05	0.0001	14.0688	2.1362	10	10	0.001
10	0	100	5e-06	0.4	5.6411e-06	2.35237	2.98602e-05	0.0001	13.2388	2.13364	10	10	0.001
10	0	100	5e-06	0.4	5.90696e-06	2.34937	3.17509e-05	0.0001	12.4467	2.13092	10	10	0.001
10	0	100	5e-06	0.4	6.18534e-06	2.34617	3.37927e-05	0.0001	11.6908	2.12802	10	10	0.001
10	0	100	5e-06	0.4	6.47685e-06	2.34275	3.60014e-05	0.0001	10.9697	2.12492	10	10	0.001
10	0	100	5e-06	0.4	6.78209e-06	2.3391	3.83955e-05	0.0001	10.2818	2.12161	10	10	0.001
10	0	100	5e-06	0.4	7.10172e-06	2.3352	4.09958e-05	0.0001	9.62559	2.11807	10	10	0.001
10	0	100	5e-06	0.4	7.43642e-06	2.33101	4.38264e-05	0.0001	8.99983	2.11427	10	10	0.001
10	0	100	5e-06	0.4	7.78689e-06	2.32651	4.69151e-05	0.0001	8.40318	2.11019	10	10	0.001
10	0	100	5e-06	0.4	8.15387e-06	2.32167	5.02938e-05	0.0001	7.83443	2.1058	10	10	0.001
10	0	100	5e-06	0.4	8.53815e-06	2.31645	5.39999e-05	0.0001	7.29241	2.10107	10	10	0.001
10	0	100	5e-06	0.4	8.94054e-06	2.31081	5.80771e-05	0.0001	6.77604	2.09595	10	10	0.001
10	0	100	5e-06	0.4	9.36189e-06	2.3047	6.25766e-05	0.0001	6.2843	2.0904	10	10	0.001
10	0	100	5e-06	0.4	9.80311e-06	2.29805	6.75587e-05	0.0001	5.81623	2.08437	10	10	0.001
10	0	100	5e-06	0.4	1.02651e-05	2.29081	7.30951e-05	0.0001	5.37093	2.0778	10	10	0.001
10	0	100	5e-06	0.4	1.07489e-05	2.28288	7.9271e-05	0.0001	4.9476	2.07062	10	10	0.001
10	0	100	5e-06	0.4	1.12555e-05	2.27419	8.61885e-05	0.0001	4.54547	2.06273	10	10	0.001
10	0	100	5e-06	0.4	1.17859e-05	2.26461	9.39701e-05	0.0001	4.16387	2.05405	10	10	0.001
10	0	100	5e-06	0.4	1.23414e-05	2.25402	0.000102764	0.0001	3.8022	2.04444	10	10	0.001
10	0	100	5e-06	0.4	1.2923e-05	2.24225	0.000112747	0.0001	3.45997	2.03377	10	10	0.001
10	0	100	5e-06	0.4	1.35321e-05	2.22913	0.000124138	0.0001	3.13674	2.02186	10	10	0.001
10	0	100	5e-06	0.4	1.41698e-05	2.21442	0.000137198	0.0001	2.8322	2.00852	10	10	0.001
10	0	100	5e-06	0.4	1.48376e-05	2.19786	0.000152241	0.0001	2.54615	1.99351	10	10	0.001
10	0	100	5e-06	0.4	1.55369e-05	2.17916	0.000169647	0.0001	2.2785	1.97655	10	10	0.001
10	0	100	5e-06	0.4	1.62691e-05	2.15796	0.00018986	0.0001	2.02927	1.95732	10	10	0.001
10	0	100	5e-06	0.4	1.70358e-05	2.13388	0.000213395	0.0001	1.79857	1.93548	10	10	0.001
10	0	100	5e-06	0.4	1.78387e-05	2.10651	0.000240826	0.0001	1.58659	1.91066	10	10	0.001
10	0	100	5e-06	0.4	1.86794e-05	2.07547	0.000272762	0.0001	1.3935	1.88251	10	10	0.001
10	0	100	5e-06	0.4	1.95598e-05	2.04043	0.000309803	0.0001	1.21941	1.85073	10	10	0.001
10	0	100	5e-06	0.4	2.04816e-05	2.00117	0.000352476	0.0001	1.06421	1.81512	10	10	0.001
10	0	100	5e-06	0.4	2.14469e-05	1.95766	0.00040116	0.0001	0.927467	1.77566	10	10	0.001
10	0	100	5e-06	0.4	2.24576e-05	1.9101	0.000456024	0.0001	0.808348	1.73253	10	10	0.001
10	0	100	5e-06	0.4	2.3516e-05	1.8589	0.000516997	0.0001	0.705624	1.68609	10	10	0.001
10	0	100	5e-06	0.4	2.46243e-05	1.80465	0.000583771	0.0001	0.617735	1.63689	10	10	0.001
10	0	100	5e-06	0.4	2.57848e-05	1.74806	0.000655861	0.0001	0.542932	1.58556	10	10	0.001
10	0	100	5e-06	0.4	2.7e-05	1.68985	0.000732666	0.0001	0.479424	1.53278	10	10	0.001
10	0	100	5e-06	0.4	2.82725e-05	1.63075	0.000813544	0.0001	0.425501	1.47917	10	10	0.001
10	0	100	5e-06	0.4	2.96049e-05	1.57135	0.000897857	0.0001	0.379619	1.4253	10	10	0.001
10	0	100	5e-06	0.4	3.10001e-05	1.51221	0.000985013	0.0001	0.340437	1.37166	10	10	0.001
10	0	100	5e-06	0.4	3.24611e-05	1.45373	0.00107447	0.0001	0.30682	1.31862	10	10	0.001
10	0	100	5e-06	0.4	3.3991e-05	1.39626	0.00116576	0.0001	0.277824	1.2665	10	10	0.001
10	0	100	5e-06	0.4	3.55929e-05	1.34004	0.00125844	0.0001	0.252675	1.21551	10	10	0.001
10	0	100	5e-06	0.4	3.72704e-05	1.28526	0.00135217	0.0001	0.23074	1.16582	10	10	0.001
10	0	100	5e-06	0.4	3.90269e-05	1.23205	0.0014466	0.0001	0.211502	1.11756	10	10	0.001
10	0	100	5e-06	0.4	4.08662e-05	1.1805	0.00154146	0.0001	0.19454	1.0708	10	10	0.001
10	0	100	5e-06	0.4	4.27921e-05	1.13065	0.00163647	0.0001	0.179507	1.02559	10	10	0.001
10	0	100	5e-06	0.4	4.48088e-05	1.08254	0.00173142	0.0001	0.166122	0.981957	10	10	0.001
10	0	100	5e-06	0.4	4.69206e-05	1.03617	0.00182608	0.0001	0.154151	0.939899	10	10	0.001
10	0	100	5e-06	0.4	4.91319e-05	0.991535	0.00192026	0.0001	0.143398	0.899411	10	10	0.001
10	0	100	5e-06	0.4	5.14474e-05	0.948605	0.00201378	0.0001	0.133703	0.860472	10	10	0.001
10	0	100	5e-06	0.4	5.38721e-05	0.907353	0.00210647	0.0001	0.12493	0.823055	10	10	0.001
10	0	100	5e-06	0.4	5.6411e-05	0.867741	0.00219818	0.0001	0.116965	0.787125	10	10	0.001
10	0	100	5e-06	0.4	5.90696e-05	0.829728	0.00228875	0.0001	0.10971	0.752645	10	10	0.001
10	0	100	5e-06	0.4	6.18534e-05	0.793267	0.00237806	0.0001	0.103084	0.719574	10	10	0.001
10	0	100	5e-06	0.4	6.47685e-05	0.758311	0.00246596	0.0001	0.0970148	0.687867	10	10	0.001
10	0	100	5e-06	0.4	6.78209e-05	0.724812	0.00255235	0.0001	0.0914427	0.657481	10	10	0.001
10	0	100	5e-06	0.4	7.10172e-05	0.692719	0.0026371	0.0001	0.0863148	0.628371	10	10	0.001
10	0	100	5e-06	0.4	7.43642e-05	0.661983	0.00272011	0.0001	0.0815854	0.600492	10	10	0.001
10	0	100	5e-06	0.4	7.78689e-05	0.632554	0.00280129	0.0001	0.0772147	0.573797	10	10	0.001
10	0	100	5e-06	0.4	8.15387e-05	0.604382	0.00288053	0.0001	0.0731677	0.548244	10	10	0.001
10	0	100	5e-06	0.4	8.53815e-05	0.577421	0.00295776	0.0001	0.0694139	0.523788	10	10	0.001
10	0	100	5e-06	0.4	8.94054e-05	0.551622	0.0030329	0.0001	0.065926	0.500386	10	10	0.001
10	0	100	5e-06	0.4	9.36189e-05	0.52694	0.00310588	0.0001	0.0626801	0.477998	10	10	0.001
10	0	100	5e-06	0.4	9.80311e-05	0.50333	0.00317664	0.0001	0.0596547	0.456581	10	10	0.001
10	0	100	5e-06	0.4	0.000102651	0.480748	0.00324512	0.0001	0.0568309	0.436098	10	10	0.001
10	0	100	5e-06	0.4	0.000107489	0.459153	0.00331126	0.0001	0.0541916	0.416509	10	10	0.001
10	0	100	5e-06	0.4	0.000112555	0.438503	0.00337503	0.0001	0.0517214	0.397777	10	10	0.001
10	0	100	5e-06	0.4	0.000117859	0.418759	0.00343639	0.0001	0.0494066	0.379868	10	10	0.001
10	0	100	5e-06	0.4	0.000123414	0.399884	0.0034953	0.0001	0.0472347	0.362746	10	10	0.001
10	0	100	5e-06	0.4	0.00012923	0.38184	0.00355175	0.0001	0.0451944	0.346379	10	10	0.001
10	0	100	5e-06	0.4	0.000135321	0.364593	0.0036057	0.0001	0.0432756	0.330734	10	10	0.001
10	0	100	5e-06	0.4	0.000141698	0.348109	0.00365714	0.0001	0.0414688	0.315782	10	10	0.001
10	0	100	5e-06	0.4	0.000148376	0.332355	0.00370607	0.0001	0.0397656	0.301491	10	10	0.001
10	0	100	5e-06	0.4	0.000155369	0.317301	0.00375246	0.0001	0.0381583	0.287835	10	10	0.001
10	0	100	5e-06	0.4	0.000162691	0.302915	0.00379633	0.0001	0.0366398	0.274785	10	10	0.001
10	0	100	5e-06	0.4	0.000170358	0.289169	0.00383766	0.0001	0.0352035	0.262317	10	10	0.001
10	0	100	5e-06	0.4	0.000178387	0.276036	0.00387646	0.0001	0.0338436	0.250403	10	10	0.001
10	0	100	5e-06	0.4	0.000186794	0.263489	0.00391274	0.0001	0.0325546	0.239022	10	10	0.001
10	0	100	5e-06	0.4	0.000195598	0.251502	0.0039465	0.0001	0.0313313	0.228149	10	10	0.001
10	0	100	5e-06	0.4	0.000204816	0.240052	0.00397775	0.0001	0.0301691	0.217762	10	10	0.001
10	0	100	5e-06	0.4	0.000214469	0.229115	0.0040065	0.0001	0.0290639	0.207841	10	10	0.001
10	0	100	5e-06	0.4	0.000224576	0.218669	0.00403276	0.0001	0.0280115	0.198365	10	10	0.001
10	0	100	5e-06	0.4	0.00023516	0.208691	0.00405654	0.0001	0.0270084	0.189314	10	10	0.001
10	0	100	5e-06	0.4	0.000246243	0.199163	0.00407787	0.0001	0.0260511	0.18067	10	10	0.001
10	0	100	5e-06	0.4	0.000257848	0.190063	0.00409674	0.0001	0.0251365	0.172416	10	10	0.001
10	0	100	5e-06	0.4	0.00027	0.181374	0.00411318	0.0001	0.0242618	0.164534	10	10	0.001