(NADA).ET	(NNMT).ET	(NAMPT).ET	(NAMPT).Km	(NNMT).Km	Values[cell division rate]	[NAD]	(SIRT).Flux	(NAM import).v	[NAM]	[NMN]	(SIRT).ET	(NAD-consumption without Nam inhibition).ET	Values[scaling].InitialValue
10	0	10	5e-06	0.4	1e-05	0.485219	0.00282659	1e-05	0.0742001	0.440076	10	10	0.001
10	0	10	5e-06	0.4	1e-05	0.507856	0.00275292	1.04713e-05	0.0781387	0.460607	10	10	0.001
10	0	10	5e-06	0.4	1e-05	0.531493	0.00267713	1.09648e-05	0.0823917	0.482044	10	10	0.001
10	0	10	5e-06	0.4	1e-05	0.556166	0.00259928	1.14815e-05	0.0869934	0.50442	10	10	0.001
10	0	10	5e-06	0.4	1e-05	0.581912	0.00251947	1.20226e-05	0.0919829	0.52777	10	10	0.001
10	0	10	5e-06	0.4	1e-05	0.608769	0.00243779	1.25893e-05	0.0974051	0.552127	10	10	0.001
10	0	10	5e-06	0.4	1e-05	0.636771	0.00235433	1.31826e-05	0.103312	0.577522	10	10	0.001
10	0	10	5e-06	0.4	1e-05	0.665953	0.00226921	1.38038e-05	0.109762	0.603988	10	10	0.001
10	0	10	5e-06	0.4	1e-05	0.696349	0.00218254	1.44544e-05	0.116825	0.631555	10	10	0.001
10	0	10	5e-06	0.4	1e-05	0.727989	0.00209446	1.51356e-05	0.124582	0.660249	10	10	0.001
10	0	10	5e-06	0.4	1e-05	0.760898	0.0020051	1.58489e-05	0.133128	0.690094	10	10	0.001
10	0	10	5e-06	0.4	1e-05	0.795098	0.00191463	1.65959e-05	0.142573	0.72111	10	10	0.001
10	0	10	5e-06	0.4	1e-05	0.830602	0.00182322	1.7378e-05	0.15305	0.753308	10	10	0.001
10	0	10	5e-06	0.4	1e-05	0.867416	0.00173106	1.8197e-05	0.164715	0.786694	10	10	0.001
10	0	10	5e-06	0.4	1e-05	0.905532	0.00163835	1.90546e-05	0.177754	0.821261	10	10	0.001
10	0	10	5e-06	0.4	1e-05	0.944929	0.00154533	1.99526e-05	0.192393	0.856989	10	10	0.001
10	0	10	5e-06	0.4	1e-05	0.985565	0.00145224	2.0893e-05	0.2089	0.893841	10	10	0.001
10	0	10	5e-06	0.4	1e-05	1.02737	0.00135939	2.18776e-05	0.227603	0.931755	10	10	0.001
10	0	10	5e-06	0.4	1e-05	1.07026	0.00126709	2.29087e-05	0.248893	0.970645	10	10	0.001
10	0	10	5e-06	0.4	1e-05	1.11408	0.0011757	2.39883e-05	0.273248	1.01039	10	10	0.001
10	0	10	5e-06	0.4	1e-05	1.15867	0.00108565	2.51189e-05	0.301244	1.05082	10	10	0.001
10	0	10	5e-06	0.4	1e-05	1.20377	0.000997391	2.63027e-05	0.33357	1.09173	10	10	0.001
10	0	10	5e-06	0.4	1e-05	1.24911	0.00091145	2.75423e-05	0.371048	1.13283	10	10	0.001
10	0	10	5e-06	0.4	1e-05	1.2943	0.0008284	2.88403e-05	0.414638	1.17381	10	10	0.001
10	0	10	5e-06	0.4	1e-05	1.33891	0.000748852	3.01995e-05	0.465441	1.21427	10	10	0.001
10	0	10	5e-06	0.4	1e-05	1.38247	0.000673436	3.16228e-05	0.524674	1.25377	10	10	0.001
10	0	10	5e-06	0.4	1e-05	1.42444	0.000602757	3.31131e-05	0.593629	1.29183	10	10	0.001
10	0	10	5e-06	0.4	1e-05	1.46433	0.000537343	3.46737e-05	0.673597	1.328	10	10	0.001
10	0	10	5e-06	0.4	1e-05	1.50166	0.000477588	3.63078e-05	0.765782	1.36186	10	10	0.001
10	0	10	5e-06	0.4	1e-05	1.5361	0.000423699	3.80189e-05	0.871207	1.39308	10	10	0.001
10	0	10	5e-06	0.4	1e-05	1.56741	0.000375672	3.98107e-05	0.990644	1.42148	10	10	0.001
10	0	10	5e-06	0.4	1e-05	1.59554	0.000333298	4.16869e-05	1.1246	1.44699	10	10	0.001
10	0	10	5e-06	0.4	1e-05	1.62057	0.000296203	4.36516e-05	1.27332	1.46968	10	10	0.001
10	0	10	5e-06	0.4	1e-05	1.64267	0.0002639	4.57088e-05	1.43688	1.48972	10	10	0.001
10	0	10	5e-06	0.4	1e-05	1.6621	0.000235851	4.7863e-05	1.61524	1.50734	10	10	0.001
10	0	10	5e-06	0.4	1e-05	1.67913	0.000211515	5.01187e-05	1.80831	1.52279	10	10	0.001
10	0	10	5e-06	0.4	1e-05	1.69407	0.000190381	5.24807e-05	2.01602	1.53633	10	10	0.001
10	0	10	5e-06	0.4	1e-05	1.70717	0.000171986	5.49541e-05	2.23835	1.54821	10	10	0.001
10	0	10	5e-06	0.4	1e-05	1.7187	0.000155926	5.7544e-05	2.47536	1.55866	10	10	0.001
10	0	10	5e-06	0.4	1e-05	1.72886	0.000141853	6.0256e-05	2.72717	1.56788	10	10	0.001
10	0	10	5e-06	0.4	1e-05	1.73785	0.00012947	6.30957e-05	2.994	1.57603	10	10	0.001
10	0	10	5e-06	0.4	1e-05	1.74583	0.00011853	6.60693e-05	3.27614	1.58326	10	10	0.001
10	0	10	5e-06	0.4	1e-05	1.75294	0.000108823	6.91831e-05	3.57395	1.58971	10	10	0.001
10	0	10	5e-06	0.4	1e-05	1.7593	0.000100176	7.24436e-05	3.88787	1.59548	10	10	0.001
10	0	10	5e-06	0.4	1e-05	1.765	9.24415e-05	7.58578e-05	4.2184	1.60065	10	10	0.001
10	0	10	5e-06	0.4	1e-05	1.77014	8.54976e-05	7.94328e-05	4.5661	1.60531	10	10	0.001
10	0	10	5e-06	0.4	1e-05	1.77479	7.92406e-05	8.31764e-05	4.9316	1.60952	10	10	0.001
10	0	10	5e-06	0.4	1e-05	1.779	7.35834e-05	8.70964e-05	5.31556	1.61334	10	10	0.001
10	0	10	5e-06	0.4	1e-05	1.78282	6.84519e-05	9.12011e-05	5.71874	1.61681	10	10	0.001
10	0	10	5e-06	0.4	1e-05	1.78631	6.37834e-05	9.54993e-05	6.1419	1.61997	10	10	0.001
10	0	10	5e-06	0.4	1e-05	1.7895	5.95239e-05	0.0001	6.58589	1.62287	10	10	0.001
10	0	10	5e-06	0.4	1e-05	1.79242	5.56274e-05	0.000104713	7.0516	1.62552	10	10	0.001
10	0	10	5e-06	0.4	1e-05	1.79511	5.2054e-05	0.000109648	7.53998	1.62795	10	10	0.001
10	0	10	5e-06	0.4	1e-05	1.79758	4.87693e-05	0.000114815	8.05202	1.63019	10	10	0.001
10	0	10	5e-06	0.4	1e-05	1.79986	4.57435e-05	0.000120226	8.58878	1.63226	10	10	0.001
10	0	10	5e-06	0.4	1e-05	1.80196	4.29505e-05	0.000125893	9.15137	1.63417	10	10	0.001
10	0	10	5e-06	0.4	1e-05	1.80391	4.03674e-05	0.000131826	9.74096	1.63594	10	10	0.001
10	0	10	5e-06	0.4	1e-05	1.80572	3.79743e-05	0.000138038	10.3588	1.63758	10	10	0.001
10	0	10	5e-06	0.4	1e-05	1.8074	3.57534e-05	0.000144544	11.0061	1.6391	10	10	0.001
10	0	10	5e-06	0.4	1e-05	1.80897	3.36891e-05	0.000151356	11.6844	1.64052	10	10	0.001
10	0	10	5e-06	0.4	1e-05	1.81042	3.17676e-05	0.000158489	12.3949	1.64184	10	10	0.001
10	0	10	5e-06	0.4	1e-05	1.81178	2.99764e-05	0.000165959	13.1393	1.64307	10	10	0.001
10	0	10	5e-06	0.4	1e-05	1.81305	2.83047e-05	0.00017378	13.919	1.64422	10	10	0.001
10	0	10	5e-06	0.4	1e-05	1.81424	2.67426e-05	0.00018197	14.7357	1.64529	10	10	0.001
10	0	10	5e-06	0.4	1e-05	1.81535	2.52811e-05	0.000190546	15.5912	1.6463	10	10	0.001
10	0	10	5e-06	0.4	1e-05	1.81639	2.39123e-05	0.000199526	16.4872	1.64725	10	10	0.001
10	0	10	5e-06	0.4	1e-05	1.81736	2.26291e-05	0.00020893	17.4257	1.64813	10	10	0.001
10	0	10	5e-06	0.4	1e-05	1.81828	2.1425e-05	0.000218776	18.4086	1.64896	10	10	0.001
10	0	10	5e-06	0.4	1e-05	1.81914	2.0294e-05	0.000229087	19.438	1.64974	10	10	0.001
10	0	10	5e-06	0.4	1e-05	1.81995	1.92308e-05	0.000239883	20.5161	1.65048	10	10	0.001
10	0	10	5e-06	0.4	1e-05	1.82071	1.82305e-05	0.000251189	21.6452	1.65117	10	10	0.001
10	0	10	5e-06	0.4	1e-05	1.82143	1.72888e-05	0.000263027	22.8277	1.65182	10	10	0.001
10	0	10	5e-06	0.4	1e-05	1.82211	1.64015e-05	0.000275423	24.066	1.65243	10	10	0.001
10	0	10	5e-06	0.4	1e-05	1.82275	1.5565e-05	0.000288403	25.3628	1.65301	10	10	0.001
10	0	10	5e-06	0.4	1e-05	1.82335	1.47757e-05	0.000301995	26.7208	1.65356	10	10	0.001
10	0	10	5e-06	0.4	1e-05	1.82392	1.40307e-05	0.000316228	28.143	1.65408	10	10	0.001
10	0	10	5e-06	0.4	1e-05	1.82446	1.3327e-05	0.000331131	29.6323	1.65456	10	10	0.001
10	0	10	5e-06	0.4	1e-05	1.82496	1.2662e-05	0.000346737	31.1919	1.65502	10	10	0.001
10	0	10	5e-06	0.4	1e-05	1.82544	1.20332e-05	0.000363078	32.8251	1.65546	10	10	0.001
10	0	10	5e-06	0.4	1e-05	1.8259	1.14384e-05	0.000380189	34.5354	1.65587	10	10	0.001
10	0	10	5e-06	0.4	1e-05	1.82633	1.08754e-05	0.000398107	36.3263	1.65626	10	10	0.001
10	0	10	5e-06	0.4	1e-05	1.82674	1.03424e-05	0.000416869	38.2018	1.65663	10	10	0.001
10	0	10	5e-06	0.4	1e-05	1.82712	9.83747e-06	0.000436516	40.1657	1.65698	10	10	0.001
10	0	10	5e-06	0.4	1e-05	1.82749	9.35902e-06	0.000457088	42.2222	1.65731	10	10	0.001
10	0	10	5e-06	0.4	1e-05	1.82784	8.90547e-06	0.00047863	44.3758	1.65763	10	10	0.001
10	0	10	5e-06	0.4	1e-05	1.82817	8.47538e-06	0.000501187	46.6309	1.65793	10	10	0.001
10	0	10	5e-06	0.4	1e-05	1.82848	8.06739e-06	0.000524807	48.9923	1.65821	10	10	0.001
10	0	10	5e-06	0.4	1e-05	1.82878	7.68024e-06	0.000549541	51.4651	1.65848	10	10	0.001
10	0	10	5e-06	0.4	1e-05	1.82906	7.31276e-06	0.00057544	54.0544	1.65873	10	10	0.001
10	0	10	5e-06	0.4	1e-05	1.82932	6.96385e-06	0.00060256	56.7659	1.65898	10	10	0.001
10	0	10	5e-06	0.4	1e-05	1.82958	6.63247e-06	0.000630957	59.6052	1.65921	10	10	0.001
10	0	10	5e-06	0.4	1e-05	1.82982	6.31767e-06	0.000660693	62.5783	1.65943	10	10	0.001
10	0	10	5e-06	0.4	1e-05	1.83005	6.01854e-06	0.000691831	65.6916	1.65963	10	10	0.001
10	0	10	5e-06	0.4	1e-05	1.83027	5.73424e-06	0.000724436	68.9517	1.65983	10	10	0.001
10	0	10	5e-06	0.4	1e-05	1.83047	5.46397e-06	0.000758578	72.3655	1.66002	10	10	0.001
10	0	10	5e-06	0.4	1e-05	1.83067	5.20698e-06	0.000794328	75.9402	1.6602	10	10	0.001
10	0	10	5e-06	0.4	1e-05	1.83086	4.96257e-06	0.000831764	79.6834	1.66037	10	10	0.001
10	0	10	5e-06	0.4	1e-05	1.83104	4.73008e-06	0.000870964	83.603	1.66053	10	10	0.001
10	0	10	5e-06	0.4	1e-05	1.83121	4.50888e-06	0.000912011	87.7074	1.66068	10	10	0.001
10	0	10	5e-06	0.4	1e-05	1.83137	4.2984e-06	0.000954993	92.0053	1.66083	10	10	0.001
10	0	10	5e-06	0.4	1e-05	1.83152	4.09808e-06	0.001	96.5057	1.66097	10	10	0.001