(NADA).ET	(NNMT).ET	(NAMPT).ET	(NAMPT).Km	(NNMT).Km	Values[cell division rate]	[NAD]	(SIRT).Flux	(NAM import).v	[NAM]	[NMN]	(SIRT).ET	(NAD-consumption without Nam inhibition).ET	Values[scaling].InitialValue
1	0	100	5e-06	0.4	1e-05	0.115658	0.000382947	1e-05	0.779305	0.104922	10	10	0.001
1	0	100	5e-06	0.4	1e-05	0.117799	0.000365598	1.04713e-05	0.822348	0.106865	10	10	0.001
1	0	100	5e-06	0.4	1e-05	0.119867	0.000348896	1.09648e-05	0.867752	0.108741	10	10	0.001
1	0	100	5e-06	0.4	1e-05	0.121862	0.000332838	1.14815e-05	0.915621	0.11055	10	10	0.001
1	0	100	5e-06	0.4	1e-05	0.123783	0.000317422	1.20226e-05	0.966066	0.112293	10	10	0.001
1	0	100	5e-06	0.4	1e-05	0.12563	0.000302638	1.25893e-05	1.0192	0.113969	10	10	0.001
1	0	100	5e-06	0.4	1e-05	0.127405	0.000288476	1.31826e-05	1.07515	0.115579	10	10	0.001
1	0	100	5e-06	0.4	1e-05	0.129109	0.000274924	1.38038e-05	1.13402	0.117124	10	10	0.001
1	0	100	5e-06	0.4	1e-05	0.130742	0.000261966	1.44544e-05	1.19596	0.118606	10	10	0.001
1	0	100	5e-06	0.4	1e-05	0.132306	0.000249585	1.51356e-05	1.2611	0.120025	10	10	0.001
1	0	100	5e-06	0.4	1e-05	0.133803	0.000237765	1.58489e-05	1.32958	0.121383	10	10	0.001
1	0	100	5e-06	0.4	1e-05	0.135235	0.000226485	1.65959e-05	1.40154	0.122682	10	10	0.001
1	0	100	5e-06	0.4	1e-05	0.136603	0.000215727	1.7378e-05	1.47714	0.123923	10	10	0.001
1	0	100	5e-06	0.4	1e-05	0.137911	0.000205472	1.8197e-05	1.55654	0.125109	10	10	0.001
1	0	100	5e-06	0.4	1e-05	0.139159	0.000195699	1.90546e-05	1.63992	0.126242	10	10	0.001
1	0	100	5e-06	0.4	1e-05	0.140351	0.000186389	1.99526e-05	1.72745	0.127323	10	10	0.001
1	0	100	5e-06	0.4	1e-05	0.141488	0.000177522	2.0893e-05	1.81931	0.128354	10	10	0.001
1	0	100	5e-06	0.4	1e-05	0.142573	0.00016908	2.18776e-05	1.91571	0.129338	10	10	0.001
1	0	100	5e-06	0.4	1e-05	0.143607	0.000161042	2.29087e-05	2.01684	0.130277	10	10	0.001
1	0	100	5e-06	0.4	1e-05	0.144593	0.000153392	2.39883e-05	2.12293	0.131171	10	10	0.001
1	0	100	5e-06	0.4	1e-05	0.145533	0.00014611	2.51189e-05	2.23419	0.132024	10	10	0.001
1	0	100	5e-06	0.4	1e-05	0.146429	0.000139181	2.63027e-05	2.35086	0.132836	10	10	0.001
1	0	100	5e-06	0.4	1e-05	0.147283	0.000132587	2.75423e-05	2.47319	0.133611	10	10	0.001
1	0	100	5e-06	0.4	1e-05	0.148096	0.000126312	2.88403e-05	2.60144	0.134349	10	10	0.001
1	0	100	5e-06	0.4	1e-05	0.148871	0.000120341	3.01995e-05	2.73588	0.135052	10	10	0.001
1	0	100	5e-06	0.4	1e-05	0.14961	0.000114659	3.16228e-05	2.8768	0.135722	10	10	0.001
1	0	100	5e-06	0.4	1e-05	0.150313	0.000109251	3.31131e-05	3.02449	0.13636	10	10	0.001
1	0	100	5e-06	0.4	1e-05	0.150983	0.000104106	3.46737e-05	3.17927	0.136968	10	10	0.001
1	0	100	5e-06	0.4	1e-05	0.151622	9.92091e-05	3.63078e-05	3.34146	0.137547	10	10	0.001
1	0	100	5e-06	0.4	1e-05	0.15223	9.45487e-05	3.80189e-05	3.51142	0.138099	10	10	0.001
1	0	100	5e-06	0.4	1e-05	0.152809	9.01131e-05	3.98107e-05	3.68949	0.138624	10	10	0.001
1	0	100	5e-06	0.4	1e-05	0.153361	8.5891e-05	4.16869e-05	3.87606	0.139125	10	10	0.001
1	0	100	5e-06	0.4	1e-05	0.153887	8.18721e-05	4.36516e-05	4.07152	0.139602	10	10	0.001
1	0	100	5e-06	0.4	1e-05	0.154388	7.80461e-05	4.57088e-05	4.27628	0.140057	10	10	0.001
1	0	100	5e-06	0.4	1e-05	0.154866	7.44035e-05	4.7863e-05	4.49079	0.14049	10	10	0.001
1	0	100	5e-06	0.4	1e-05	0.155321	7.09354e-05	5.01187e-05	4.7155	0.140903	10	10	0.001
1	0	100	5e-06	0.4	1e-05	0.155754	6.76329e-05	5.24807e-05	4.95087	0.141296	10	10	0.001
1	0	100	5e-06	0.4	1e-05	0.156167	6.44881e-05	5.49541e-05	5.19742	0.141671	10	10	0.001
1	0	100	5e-06	0.4	1e-05	0.156561	6.1493e-05	5.7544e-05	5.45566	0.142028	10	10	0.001
1	0	100	5e-06	0.4	1e-05	0.156936	5.86403e-05	6.0256e-05	5.72614	0.142368	10	10	0.001
1	0	100	5e-06	0.4	1e-05	0.157294	5.59231e-05	6.30957e-05	6.00943	0.142692	10	10	0.001
1	0	100	5e-06	0.4	1e-05	0.157635	5.33346e-05	6.60693e-05	6.30614	0.143002	10	10	0.001
1	0	100	5e-06	0.4	1e-05	0.157959	5.08686e-05	6.91831e-05	6.6169	0.143296	10	10	0.001
1	0	100	5e-06	0.4	1e-05	0.158269	4.8519e-05	7.24436e-05	6.94236	0.143577	10	10	0.001
1	0	100	5e-06	0.4	1e-05	0.158564	4.62802e-05	7.58578e-05	7.28321	0.143845	10	10	0.001
1	0	100	5e-06	0.4	1e-05	0.158846	4.41468e-05	7.94328e-05	7.64018	0.1441	10	10	0.001
1	0	100	5e-06	0.4	1e-05	0.159114	4.21137e-05	8.31764e-05	8.01402	0.144344	10	10	0.001
1	0	100	5e-06	0.4	1e-05	0.15937	4.0176e-05	8.70964e-05	8.40553	0.144576	10	10	0.001
1	0	100	5e-06	0.4	1e-05	0.159614	3.83291e-05	9.12011e-05	8.81554	0.144797	10	10	0.001
1	0	100	5e-06	0.4	1e-05	0.159847	3.65686e-05	9.54993e-05	9.24491	0.145008	10	10	0.001
1	0	100	5e-06	0.4	1e-05	0.160068	3.48903e-05	0.0001	9.69456	0.145209	10	10	0.001
1	0	100	5e-06	0.4	1e-05	0.16028	3.32904e-05	0.000104713	10.1654	0.145401	10	10	0.001
1	0	100	5e-06	0.4	1e-05	0.160482	3.17649e-05	0.000109648	10.6586	0.145584	10	10	0.001
1	0	100	5e-06	0.4	1e-05	0.160674	3.03105e-05	0.000114815	11.1749	0.145759	10	10	0.001
1	0	100	5e-06	0.4	1e-05	0.160858	2.89236e-05	0.000120226	11.7157	0.145925	10	10	0.001
1	0	100	5e-06	0.4	1e-05	0.161033	2.76011e-05	0.000125893	12.282	0.146084	10	10	0.001
1	0	100	5e-06	0.4	1e-05	0.1612	2.634e-05	0.000131826	12.875	0.146236	10	10	0.001
1	0	100	5e-06	0.4	1e-05	0.161359	2.51372e-05	0.000138038	13.4959	0.14638	10	10	0.001
1	0	100	5e-06	0.4	1e-05	0.161511	2.399e-05	0.000144544	14.1462	0.146518	10	10	0.001
1	0	100	5e-06	0.4	1e-05	0.161656	2.28958e-05	0.000151356	14.8271	0.14665	10	10	0.001
1	0	100	5e-06	0.4	1e-05	0.161795	2.18521e-05	0.000158489	15.5402	0.146775	10	10	0.001
1	0	100	5e-06	0.4	1e-05	0.161927	2.08566e-05	0.000165959	16.2869	0.146895	10	10	0.001
1	0	100	5e-06	0.4	1e-05	0.162053	1.99068e-05	0.00017378	17.0688	0.147009	10	10	0.001
1	0	100	5e-06	0.4	1e-05	0.162173	1.90008e-05	0.00018197	17.8876	0.147118	10	10	0.001
1	0	100	5e-06	0.4	1e-05	0.162287	1.81365e-05	0.000190546	18.7449	0.147222	10	10	0.001
1	0	100	5e-06	0.4	1e-05	0.162397	1.73118e-05	0.000199526	19.6427	0.147322	10	10	0.001
1	0	100	5e-06	0.4	1e-05	0.162501	1.6525e-05	0.00020893	20.5829	0.147416	10	10	0.001
1	0	100	5e-06	0.4	1e-05	0.162601	1.57742e-05	0.000218776	21.5673	0.147507	10	10	0.001
1	0	100	5e-06	0.4	1e-05	0.162696	1.50579e-05	0.000229087	22.5982	0.147593	10	10	0.001
1	0	100	5e-06	0.4	1e-05	0.162787	1.43743e-05	0.000239883	23.6777	0.147675	10	10	0.001
1	0	100	5e-06	0.4	1e-05	0.162873	1.37221e-05	0.000251189	24.8081	0.147754	10	10	0.001
1	0	100	5e-06	0.4	1e-05	0.162956	1.30996e-05	0.000263027	25.9917	0.147829	10	10	0.001
1	0	100	5e-06	0.4	1e-05	0.163035	1.25056e-05	0.000275423	27.2312	0.1479	10	10	0.001
1	0	100	5e-06	0.4	1e-05	0.16311	1.19387e-05	0.000288403	28.5291	0.147969	10	10	0.001
1	0	100	5e-06	0.4	1e-05	0.163182	1.13977e-05	0.000301995	29.8881	0.148034	10	10	0.001
1	0	100	5e-06	0.4	1e-05	0.163251	1.08813e-05	0.000316228	31.3113	0.148096	10	10	0.001
1	0	100	5e-06	0.4	1e-05	0.163316	1.03885e-05	0.000331131	32.8015	0.148156	10	10	0.001
1	0	100	5e-06	0.4	1e-05	0.163379	9.91812e-06	0.000346737	34.3619	0.148212	10	10	0.001
1	0	100	5e-06	0.4	1e-05	0.163438	9.46916e-06	0.000363078	35.9959	0.148267	10	10	0.001
1	0	100	5e-06	0.4	1e-05	0.163495	9.04064e-06	0.000380189	37.707	0.148318	10	10	0.001
1	0	100	5e-06	0.4	1e-05	0.16355	8.63161e-06	0.000398107	39.4986	0.148368	10	10	0.001
1	0	100	5e-06	0.4	1e-05	0.163602	8.24117e-06	0.000416869	41.3748	0.148415	10	10	0.001
1	0	100	5e-06	0.4	1e-05	0.163651	7.86848e-06	0.000436516	43.3393	0.14846	10	10	0.001
1	0	100	5e-06	0.4	1e-05	0.163699	7.51271e-06	0.000457088	45.3965	0.148502	10	10	0.001
1	0	100	5e-06	0.4	1e-05	0.163744	7.17311e-06	0.00047863	47.5506	0.148543	10	10	0.001
1	0	100	5e-06	0.4	1e-05	0.163787	6.84891e-06	0.000501187	49.8062	0.148583	10	10	0.001
1	0	100	5e-06	0.4	1e-05	0.163828	6.53943e-06	0.000524807	52.1681	0.14862	10	10	0.001
1	0	100	5e-06	0.4	1e-05	0.163867	6.24398e-06	0.000549541	54.6414	0.148656	10	10	0.001
1	0	100	5e-06	0.4	1e-05	0.163905	5.96192e-06	0.00057544	57.2312	0.14869	10	10	0.001
1	0	100	5e-06	0.4	1e-05	0.163941	5.69266e-06	0.00060256	59.9431	0.148722	10	10	0.001
1	0	100	5e-06	0.4	1e-05	0.163975	5.43559e-06	0.000630957	62.7828	0.148753	10	10	0.001
1	0	100	5e-06	0.4	1e-05	0.164008	5.19017e-06	0.000660693	65.7564	0.148783	10	10	0.001
1	0	100	5e-06	0.4	1e-05	0.164039	4.95586e-06	0.000691831	68.8701	0.148811	10	10	0.001
1	0	100	5e-06	0.4	1e-05	0.164068	4.73216e-06	0.000724436	72.1305	0.148838	10	10	0.001
1	0	100	5e-06	0.4	1e-05	0.164097	4.51859e-06	0.000758578	75.5446	0.148864	10	10	0.001
1	0	100	5e-06	0.4	1e-05	0.164124	4.31468e-06	0.000794328	79.1196	0.148888	10	10	0.001
1	0	100	5e-06	0.4	1e-05	0.16415	4.11999e-06	0.000831764	82.8632	0.148912	10	10	0.001
1	0	100	5e-06	0.4	1e-05	0.164175	3.93411e-06	0.000870964	86.7831	0.148934	10	10	0.001
1	0	100	5e-06	0.4	1e-05	0.164198	3.75664e-06	0.000912011	90.8878	0.148956	10	10	0.001
1	0	100	5e-06	0.4	1e-05	0.164221	3.58719e-06	0.000954993	95.1859	0.148976	10	10	0.001
1	0	100	5e-06	0.4	1e-05	0.164242	3.4254e-06	0.001	99.6866	0.148996	10	10	0.001