(NADA).ET	(NNMT).ET	(NAMPT).ET	(NAMPT).Km	(NNMT).Km	Values[cell division rate]	[NAD]	(SIRT).Flux	(NAM import).v	[NAM]	[NMN]	(SIRT).ET	Values[scaling].InitialValue
0	10	100	0.0001	0.4	2.7e-06	0.000787666	0.00017702	1e-05	4.93681e-05	0.000715276	10	0.001
0	10	100	0.0001	0.4	2.82828e-06	0.000787655	0.000177018	1e-05	4.93671e-05	0.000715267	10	0.001
0	10	100	0.0001	0.4	2.96265e-06	0.000787644	0.000177016	1e-05	4.93661e-05	0.000715257	10	0.001
0	10	100	0.0001	0.4	3.1034e-06	0.000787633	0.000177013	1e-05	4.9365e-05	0.000715246	10	0.001
0	10	100	0.0001	0.4	3.25084e-06	0.000787621	0.00017701	1e-05	4.93639e-05	0.000715235	10	0.001
0	10	100	0.0001	0.4	3.40529e-06	0.000787608	0.000177008	1e-05	4.93627e-05	0.000715224	10	0.001
0	10	100	0.0001	0.4	3.56707e-06	0.000787595	0.000177005	1e-05	4.93615e-05	0.000715212	10	0.001
0	10	100	0.0001	0.4	3.73654e-06	0.000787581	0.000177002	1e-05	4.93602e-05	0.000715199	10	0.001
0	10	100	0.0001	0.4	3.91406e-06	0.000787567	0.000176999	1e-05	4.93588e-05	0.000715186	10	0.001
0	10	100	0.0001	0.4	4.10001e-06	0.000787552	0.000176995	1e-05	4.93574e-05	0.000715172	10	0.001
0	10	100	0.0001	0.4	4.2948e-06	0.000787536	0.000176992	1e-05	4.93559e-05	0.000715158	10	0.001
0	10	100	0.0001	0.4	4.49885e-06	0.000787519	0.000176988	1e-05	4.93543e-05	0.000715143	10	0.001
0	10	100	0.0001	0.4	4.71258e-06	0.000787502	0.000176984	1e-05	4.93527e-05	0.000715127	10	0.001
0	10	100	0.0001	0.4	4.93648e-06	0.000787483	0.00017698	1e-05	4.9351e-05	0.000715111	10	0.001
0	10	100	0.0001	0.4	5.17101e-06	0.000787464	0.000176976	1e-05	4.93492e-05	0.000715093	10	0.001
0	10	100	0.0001	0.4	5.41668e-06	0.000787444	0.000176972	1e-05	4.93473e-05	0.000715075	10	0.001
0	10	100	0.0001	0.4	5.67402e-06	0.000787423	0.000176967	1e-05	4.93453e-05	0.000715056	10	0.001
0	10	100	0.0001	0.4	5.94359e-06	0.000787401	0.000176963	1e-05	4.93432e-05	0.000715036	10	0.001
0	10	100	0.0001	0.4	6.22597e-06	0.000787378	0.000176958	1e-05	4.93411e-05	0.000715015	10	0.001
0	10	100	0.0001	0.4	6.52176e-06	0.000787354	0.000176952	1e-05	4.93388e-05	0.000714993	10	0.001
0	10	100	0.0001	0.4	6.8316e-06	0.000787329	0.000176947	1e-05	4.93364e-05	0.00071497	10	0.001
0	10	100	0.0001	0.4	7.15617e-06	0.000787303	0.000176941	1e-05	4.93339e-05	0.000714946	10	0.001
0	10	100	0.0001	0.4	7.49615e-06	0.000787275	0.000176935	1e-05	4.93313e-05	0.000714921	10	0.001
0	10	100	0.0001	0.4	7.85229e-06	0.000787246	0.000176929	1e-05	4.93286e-05	0.000714895	10	0.001
0	10	100	0.0001	0.4	8.22535e-06	0.000787216	0.000176922	1e-05	4.93258e-05	0.000714867	10	0.001
0	10	100	0.0001	0.4	8.61613e-06	0.000787184	0.000176915	1e-05	4.93228e-05	0.000714838	10	0.001
0	10	100	0.0001	0.4	9.02548e-06	0.00078715	0.000176908	1e-05	4.93196e-05	0.000714808	10	0.001
0	10	100	0.0001	0.4	9.45427e-06	0.000787115	0.0001769	1e-05	4.93163e-05	0.000714776	10	0.001
0	10	100	0.0001	0.4	9.90344e-06	0.000787079	0.000176892	1e-05	4.93129e-05	0.000714743	10	0.001
0	10	100	0.0001	0.4	1.03739e-05	0.000787041	0.000176884	1e-05	4.93093e-05	0.000714708	10	0.001
0	10	100	0.0001	0.4	1.08668e-05	0.000787	0.000176875	1e-05	4.93055e-05	0.000714672	10	0.001
0	10	100	0.0001	0.4	1.13831e-05	0.000786958	0.000176866	1e-05	4.93016e-05	0.000714634	10	0.001
0	10	100	0.0001	0.4	1.19239e-05	0.000786914	0.000176856	1e-05	4.92974e-05	0.000714594	10	0.001
0	10	100	0.0001	0.4	1.24904e-05	0.000786868	0.000176846	1e-05	4.92931e-05	0.000714552	10	0.001
0	10	100	0.0001	0.4	1.30838e-05	0.00078682	0.000176835	1e-05	4.92886e-05	0.000714508	10	0.001
0	10	100	0.0001	0.4	1.37054e-05	0.000786769	0.000176824	1e-05	4.92838e-05	0.000714462	10	0.001
0	10	100	0.0001	0.4	1.43565e-05	0.000786716	0.000176813	1e-05	4.92788e-05	0.000714414	10	0.001
0	10	100	0.0001	0.4	1.50386e-05	0.000786661	0.000176801	1e-05	4.92736e-05	0.000714364	10	0.001
0	10	100	0.0001	0.4	1.57531e-05	0.000786603	0.000176788	1e-05	4.92681e-05	0.000714311	10	0.001
0	10	100	0.0001	0.4	1.65015e-05	0.000786542	0.000176775	1e-05	4.92624e-05	0.000714256	10	0.001
0	10	100	0.0001	0.4	1.72855e-05	0.000786478	0.000176761	1e-05	4.92564e-05	0.000714198	10	0.001
0	10	100	0.0001	0.4	1.81067e-05	0.000786411	0.000176746	1e-05	4.92501e-05	0.000714137	10	0.001
0	10	100	0.0001	0.4	1.89669e-05	0.000786341	0.000176731	1e-05	4.92436e-05	0.000714073	10	0.001
0	10	100	0.0001	0.4	1.98681e-05	0.000786268	0.000176715	1e-05	4.92367e-05	0.000714007	10	0.001
0	10	100	0.0001	0.4	2.0812e-05	0.000786191	0.000176698	1e-05	4.92295e-05	0.000713937	10	0.001
0	10	100	0.0001	0.4	2.18007e-05	0.000786111	0.000176681	1e-05	4.92219e-05	0.000713864	10	0.001
0	10	100	0.0001	0.4	2.28365e-05	0.000786027	0.000176662	1e-05	4.9214e-05	0.000713788	10	0.001
0	10	100	0.0001	0.4	2.39214e-05	0.000785938	0.000176643	1e-05	4.92057e-05	0.000713708	10	0.001
0	10	100	0.0001	0.4	2.50579e-05	0.000785846	0.000176623	1e-05	4.9197e-05	0.000713624	10	0.001
0	10	100	0.0001	0.4	2.62484e-05	0.000785749	0.000176602	1e-05	4.9188e-05	0.000713536	10	0.001
0	10	100	0.0001	0.4	2.74955e-05	0.000785648	0.000176579	1e-05	4.91784e-05	0.000713444	10	0.001
0	10	100	0.0001	0.4	2.88017e-05	0.000785542	0.000176556	1e-05	4.91685e-05	0.000713348	10	0.001
0	10	100	0.0001	0.4	3.01701e-05	0.000785431	0.000176532	1e-05	4.9158e-05	0.000713247	10	0.001
0	10	100	0.0001	0.4	3.16035e-05	0.000785314	0.000176506	1e-05	4.91471e-05	0.000713141	10	0.001
0	10	100	0.0001	0.4	3.31049e-05	0.000785192	0.00017648	1e-05	4.91357e-05	0.00071303	10	0.001
0	10	100	0.0001	0.4	3.46777e-05	0.000785065	0.000176452	1e-05	4.91237e-05	0.000712914	10	0.001
0	10	100	0.0001	0.4	3.63252e-05	0.000784931	0.000176423	1e-05	4.91111e-05	0.000712793	10	0.001
0	10	100	0.0001	0.4	3.8051e-05	0.000784791	0.000176392	1e-05	4.9098e-05	0.000712666	10	0.001
0	10	100	0.0001	0.4	3.98588e-05	0.000784644	0.00017636	1e-05	4.90842e-05	0.000712532	10	0.001
0	10	100	0.0001	0.4	4.17525e-05	0.000784491	0.000176326	1e-05	4.90698e-05	0.000712393	10	0.001
0	10	100	0.0001	0.4	4.37361e-05	0.00078433	0.000176291	1e-05	4.90547e-05	0.000712247	10	0.001
0	10	100	0.0001	0.4	4.5814e-05	0.000784161	0.000176254	1e-05	4.90389e-05	0.000712094	10	0.001
0	10	100	0.0001	0.4	4.79906e-05	0.000783985	0.000176216	1e-05	4.90224e-05	0.000711934	10	0.001
0	10	100	0.0001	0.4	5.02706e-05	0.0007838	0.000176175	1e-05	4.90051e-05	0.000711766	10	0.001
0	10	100	0.0001	0.4	5.26589e-05	0.000783607	0.000176133	1e-05	4.8987e-05	0.00071159	10	0.001
0	10	100	0.0001	0.4	5.51607e-05	0.000783404	0.000176089	1e-05	4.8968e-05	0.000711406	10	0.001
0	10	100	0.0001	0.4	5.77814e-05	0.000783192	0.000176042	1e-05	4.89481e-05	0.000711213	10	0.001
0	10	100	0.0001	0.4	6.05266e-05	0.000782969	0.000175994	1e-05	4.89273e-05	0.000711012	10	0.001
0	10	100	0.0001	0.4	6.34021e-05	0.000782737	0.000175943	1e-05	4.89055e-05	0.0007108	10	0.001
0	10	100	0.0001	0.4	6.64143e-05	0.000782493	0.00017589	1e-05	4.88827e-05	0.000710579	10	0.001
0	10	100	0.0001	0.4	6.95696e-05	0.000782238	0.000175834	1e-05	4.88589e-05	0.000710347	10	0.001
0	10	100	0.0001	0.4	7.28749e-05	0.000781971	0.000175776	1e-05	4.88339e-05	0.000710105	10	0.001
0	10	100	0.0001	0.4	7.63371e-05	0.000781691	0.000175714	1e-05	4.88077e-05	0.000709851	10	0.001
0	10	100	0.0001	0.4	7.99638e-05	0.000781398	0.00017565	1e-05	4.87803e-05	0.000709585	10	0.001
0	10	100	0.0001	0.4	8.37629e-05	0.000781092	0.000175583	1e-05	4.87517e-05	0.000709306	10	0.001
0	10	100	0.0001	0.4	8.77424e-05	0.000780771	0.000175513	1e-05	4.87217e-05	0.000709015	10	0.001
0	10	100	0.0001	0.4	9.1911e-05	0.000780434	0.00017544	1e-05	4.86903e-05	0.00070871	10	0.001
0	10	100	0.0001	0.4	9.62776e-05	0.000780082	0.000175363	1e-05	4.86575e-05	0.00070839	10	0.001
0	10	100	0.0001	0.4	0.000100852	0.000779714	0.000175282	1e-05	4.86231e-05	0.000708055	10	0.001
0	10	100	0.0001	0.4	0.000105643	0.000779328	0.000175198	1e-05	4.85871e-05	0.000707705	10	0.001
0	10	100	0.0001	0.4	0.000110662	0.000778924	0.00017511	1e-05	4.85495e-05	0.000707338	10	0.001
0	10	100	0.0001	0.4	0.00011592	0.000778501	0.000175017	1e-05	4.85101e-05	0.000706954	10	0.001
0	10	100	0.0001	0.4	0.000121427	0.000778059	0.00017492	1e-05	4.84688e-05	0.000706552	10	0.001
0	10	100	0.0001	0.4	0.000127196	0.000777596	0.000174819	1e-05	4.84257e-05	0.000706132	10	0.001
0	10	100	0.0001	0.4	0.000133239	0.000777111	0.000174713	1e-05	4.83806e-05	0.000705691	10	0.001
0	10	100	0.0001	0.4	0.000139569	0.000776603	0.000174602	1e-05	4.83334e-05	0.00070523	10	0.001
0	10	100	0.0001	0.4	0.0001462	0.000776072	0.000174486	1e-05	4.8284e-05	0.000704748	10	0.001
0	10	100	0.0001	0.4	0.000153146	0.000775516	0.000174364	1e-05	4.82324e-05	0.000704243	10	0.001
0	10	100	0.0001	0.4	0.000160422	0.000774934	0.000174237	1e-05	4.81784e-05	0.000703714	10	0.001
0	10	100	0.0001	0.4	0.000168043	0.000774324	0.000174104	1e-05	4.81219e-05	0.000703161	10	0.001
0	10	100	0.0001	0.4	0.000176027	0.000773687	0.000173964	1e-05	4.80628e-05	0.000702582	10	0.001
0	10	100	0.0001	0.4	0.00018439	0.00077302	0.000173818	1e-05	4.8001e-05	0.000701977	10	0.001
0	10	100	0.0001	0.4	0.00019315	0.000772322	0.000173666	1e-05	4.79364e-05	0.000701343	10	0.001
0	10	100	0.0001	0.4	0.000202326	0.000771591	0.000173506	1e-05	4.78689e-05	0.000700679	10	0.001
0	10	100	0.0001	0.4	0.000211939	0.000770827	0.000173339	1e-05	4.77983e-05	0.000699986	10	0.001
0	10	100	0.0001	0.4	0.000222008	0.000770028	0.000173164	1e-05	4.77244e-05	0.000699259	10	0.001
0	10	100	0.0001	0.4	0.000232555	0.000769191	0.000172981	1e-05	4.76473e-05	0.0006985	10	0.001
0	10	100	0.0001	0.4	0.000243604	0.000768316	0.000172789	1e-05	4.75667e-05	0.000697705	10	0.001
0	10	100	0.0001	0.4	0.000255177	0.000767401	0.000172589	1e-05	4.74824e-05	0.000696874	10	0.001
0	10	100	0.0001	0.4	0.000267301	0.000766443	0.000172379	1e-05	4.73944e-05	0.000696004	10	0.001
0	10	100	0.0001	0.4	0.00028	0.000765442	0.00017216	1e-05	4.73024e-05	0.000695095	10	0.001