(NADA).ET	(NNMT).ET	(NAMPT).ET	(NAMPT).Km	(NNMT).Km	Values[cell division rate]	[NAD]	(SIRT).Flux	(NAM import).v	[NAM]	[NMN]	(SIRT).ET	Values[scaling].InitialValue
0	10	100	5e-06	0.4	2.7e-06	0.00312838	0.000647056	0.0001	0.000494351	0.00284104	10	0.001
0	10	100	5e-06	0.4	2.82828e-06	0.00312838	0.000647055	0.0001	0.000494347	0.00284104	10	0.001
0	10	100	5e-06	0.4	2.96265e-06	0.00312837	0.000647055	0.0001	0.000494343	0.00284104	10	0.001
0	10	100	5e-06	0.4	3.1034e-06	0.00312837	0.000647054	0.0001	0.000494338	0.00284103	10	0.001
0	10	100	5e-06	0.4	3.25084e-06	0.00312836	0.000647053	0.0001	0.000494334	0.00284103	10	0.001
0	10	100	5e-06	0.4	3.40529e-06	0.00312836	0.000647052	0.0001	0.000494329	0.00284102	10	0.001
0	10	100	5e-06	0.4	3.56707e-06	0.00312835	0.000647051	0.0001	0.000494323	0.00284102	10	0.001
0	10	100	5e-06	0.4	3.73654e-06	0.00312835	0.00064705	0.0001	0.000494318	0.00284101	10	0.001
0	10	100	5e-06	0.4	3.91406e-06	0.00312834	0.000647049	0.0001	0.000494312	0.00284101	10	0.001
0	10	100	5e-06	0.4	4.10001e-06	0.00312833	0.000647048	0.0001	0.000494306	0.002841	10	0.001
0	10	100	5e-06	0.4	4.2948e-06	0.00312833	0.000647047	0.0001	0.0004943	0.00284099	10	0.001
0	10	100	5e-06	0.4	4.49885e-06	0.00312832	0.000647045	0.0001	0.000494294	0.00284099	10	0.001
0	10	100	5e-06	0.4	4.71258e-06	0.00312831	0.000647044	0.0001	0.000494287	0.00284098	10	0.001
0	10	100	5e-06	0.4	4.93648e-06	0.00312831	0.000647043	0.0001	0.00049428	0.00284098	10	0.001
0	10	100	5e-06	0.4	5.17101e-06	0.0031283	0.000647041	0.0001	0.000494272	0.00284097	10	0.001
0	10	100	5e-06	0.4	5.41668e-06	0.00312829	0.00064704	0.0001	0.000494264	0.00284096	10	0.001
0	10	100	5e-06	0.4	5.67402e-06	0.00312828	0.000647038	0.0001	0.000494256	0.00284095	10	0.001
0	10	100	5e-06	0.4	5.94359e-06	0.00312827	0.000647037	0.0001	0.000494247	0.00284094	10	0.001
0	10	100	5e-06	0.4	6.22597e-06	0.00312826	0.000647035	0.0001	0.000494238	0.00284094	10	0.001
0	10	100	5e-06	0.4	6.52176e-06	0.00312825	0.000647033	0.0001	0.000494229	0.00284093	10	0.001
0	10	100	5e-06	0.4	6.8316e-06	0.00312824	0.000647032	0.0001	0.000494219	0.00284092	10	0.001
0	10	100	5e-06	0.4	7.15617e-06	0.00312823	0.00064703	0.0001	0.000494208	0.00284091	10	0.001
0	10	100	5e-06	0.4	7.49615e-06	0.00312822	0.000647028	0.0001	0.000494198	0.0028409	10	0.001
0	10	100	5e-06	0.4	7.85229e-06	0.00312821	0.000647026	0.0001	0.000494186	0.00284089	10	0.001
0	10	100	5e-06	0.4	8.22535e-06	0.00312819	0.000647023	0.0001	0.000494174	0.00284087	10	0.001
0	10	100	5e-06	0.4	8.61613e-06	0.00312818	0.000647021	0.0001	0.000494162	0.00284086	10	0.001
0	10	100	5e-06	0.4	9.02548e-06	0.00312817	0.000647019	0.0001	0.000494149	0.00284085	10	0.001
0	10	100	5e-06	0.4	9.45427e-06	0.00312815	0.000647016	0.0001	0.000494135	0.00284084	10	0.001
0	10	100	5e-06	0.4	9.90344e-06	0.00312814	0.000647013	0.0001	0.000494121	0.00284082	10	0.001
0	10	100	5e-06	0.4	1.03739e-05	0.00312812	0.000647011	0.0001	0.000494106	0.00284081	10	0.001
0	10	100	5e-06	0.4	1.08668e-05	0.00312811	0.000647008	0.0001	0.00049409	0.00284079	10	0.001
0	10	100	5e-06	0.4	1.13831e-05	0.00312809	0.000647005	0.0001	0.000494073	0.00284078	10	0.001
0	10	100	5e-06	0.4	1.19239e-05	0.00312807	0.000647001	0.0001	0.000494056	0.00284076	10	0.001
0	10	100	5e-06	0.4	1.24904e-05	0.00312805	0.000646998	0.0001	0.000494038	0.00284074	10	0.001
0	10	100	5e-06	0.4	1.30838e-05	0.00312803	0.000646994	0.0001	0.000494019	0.00284073	10	0.001
0	10	100	5e-06	0.4	1.37054e-05	0.00312801	0.000646991	0.0001	0.000493999	0.00284071	10	0.001
0	10	100	5e-06	0.4	1.43565e-05	0.00312799	0.000646987	0.0001	0.000493978	0.00284069	10	0.001
0	10	100	5e-06	0.4	1.50386e-05	0.00312797	0.000646983	0.0001	0.000493956	0.00284067	10	0.001
0	10	100	5e-06	0.4	1.57531e-05	0.00312794	0.000646979	0.0001	0.000493933	0.00284064	10	0.001
0	10	100	5e-06	0.4	1.65015e-05	0.00312792	0.000646974	0.0001	0.000493909	0.00284062	10	0.001
0	10	100	5e-06	0.4	1.72855e-05	0.00312789	0.000646969	0.0001	0.000493884	0.0028406	10	0.001
0	10	100	5e-06	0.4	1.81067e-05	0.00312786	0.000646965	0.0001	0.000493858	0.00284057	10	0.001
0	10	100	5e-06	0.4	1.89669e-05	0.00312783	0.000646959	0.0001	0.000493831	0.00284055	10	0.001
0	10	100	5e-06	0.4	1.98681e-05	0.0031278	0.000646954	0.0001	0.000493802	0.00284052	10	0.001
0	10	100	5e-06	0.4	2.0812e-05	0.00312777	0.000646949	0.0001	0.000493771	0.00284049	10	0.001
0	10	100	5e-06	0.4	2.18007e-05	0.00312774	0.000646943	0.0001	0.00049374	0.00284046	10	0.001
0	10	100	5e-06	0.4	2.28365e-05	0.0031277	0.000646937	0.0001	0.000493707	0.00284043	10	0.001
0	10	100	5e-06	0.4	2.39214e-05	0.00312767	0.00064693	0.0001	0.000493672	0.0028404	10	0.001
0	10	100	5e-06	0.4	2.50579e-05	0.00312763	0.000646923	0.0001	0.000493636	0.00284036	10	0.001
0	10	100	5e-06	0.4	2.62484e-05	0.00312759	0.000646916	0.0001	0.000493598	0.00284032	10	0.001
0	10	100	5e-06	0.4	2.74955e-05	0.00312755	0.000646909	0.0001	0.000493558	0.00284029	10	0.001
0	10	100	5e-06	0.4	2.88017e-05	0.0031275	0.000646901	0.0001	0.000493516	0.00284025	10	0.001
0	10	100	5e-06	0.4	3.01701e-05	0.00312746	0.000646893	0.0001	0.000493472	0.0028402	10	0.001
0	10	100	5e-06	0.4	3.16035e-05	0.00312741	0.000646884	0.0001	0.000493426	0.00284016	10	0.001
0	10	100	5e-06	0.4	3.31049e-05	0.00312736	0.000646876	0.0001	0.000493378	0.00284011	10	0.001
0	10	100	5e-06	0.4	3.46777e-05	0.0031273	0.000646866	0.0001	0.000493328	0.00284007	10	0.001
0	10	100	5e-06	0.4	3.63252e-05	0.00312725	0.000646856	0.0001	0.000493275	0.00284002	10	0.001
0	10	100	5e-06	0.4	3.8051e-05	0.00312719	0.000646846	0.0001	0.00049322	0.00283996	10	0.001
0	10	100	5e-06	0.4	3.98588e-05	0.00312713	0.000646835	0.0001	0.000493162	0.00283991	10	0.001
0	10	100	5e-06	0.4	4.17525e-05	0.00312707	0.000646824	0.0001	0.000493102	0.00283985	10	0.001
0	10	100	5e-06	0.4	4.37361e-05	0.003127	0.000646812	0.0001	0.000493038	0.00283979	10	0.001
0	10	100	5e-06	0.4	4.5814e-05	0.00312693	0.0006468	0.0001	0.000492972	0.00283973	10	0.001
0	10	100	5e-06	0.4	4.79906e-05	0.00312686	0.000646787	0.0001	0.000492902	0.00283966	10	0.001
0	10	100	5e-06	0.4	5.02706e-05	0.00312678	0.000646774	0.0001	0.000492829	0.00283959	10	0.001
0	10	100	5e-06	0.4	5.26589e-05	0.0031267	0.000646759	0.0001	0.000492753	0.00283952	10	0.001
0	10	100	5e-06	0.4	5.51607e-05	0.00312662	0.000646745	0.0001	0.000492673	0.00283944	10	0.001
0	10	100	5e-06	0.4	5.77814e-05	0.00312653	0.000646729	0.0001	0.000492589	0.00283936	10	0.001
0	10	100	5e-06	0.4	6.05266e-05	0.00312643	0.000646713	0.0001	0.000492502	0.00283928	10	0.001
0	10	100	5e-06	0.4	6.34021e-05	0.00312634	0.000646696	0.0001	0.00049241	0.00283919	10	0.001
0	10	100	5e-06	0.4	6.64143e-05	0.00312624	0.000646678	0.0001	0.000492313	0.0028391	10	0.001
0	10	100	5e-06	0.4	6.95696e-05	0.00312613	0.000646659	0.0001	0.000492213	0.002839	10	0.001
0	10	100	5e-06	0.4	7.28749e-05	0.00312602	0.000646639	0.0001	0.000492107	0.0028389	10	0.001
0	10	100	5e-06	0.4	7.63371e-05	0.0031259	0.000646619	0.0001	0.000491996	0.00283879	10	0.001
0	10	100	5e-06	0.4	7.99638e-05	0.00312578	0.000646597	0.0001	0.000491881	0.00283868	10	0.001
0	10	100	5e-06	0.4	8.37629e-05	0.00312565	0.000646575	0.0001	0.000491759	0.00283857	10	0.001
0	10	100	5e-06	0.4	8.77424e-05	0.00312552	0.000646551	0.0001	0.000491632	0.00283845	10	0.001
0	10	100	5e-06	0.4	9.1911e-05	0.00312538	0.000646526	0.0001	0.000491499	0.00283832	10	0.001
0	10	100	5e-06	0.4	9.62776e-05	0.00312523	0.0006465	0.0001	0.00049136	0.00283819	10	0.001
0	10	100	5e-06	0.4	0.000100852	0.00312508	0.000646473	0.0001	0.000491214	0.00283805	10	0.001
0	10	100	5e-06	0.4	0.000105643	0.00312492	0.000646445	0.0001	0.000491061	0.0028379	10	0.001
0	10	100	5e-06	0.4	0.000110662	0.00312475	0.000646415	0.0001	0.000490901	0.00283775	10	0.001
0	10	100	5e-06	0.4	0.00011592	0.00312457	0.000646384	0.0001	0.000490733	0.00283759	10	0.001
0	10	100	5e-06	0.4	0.000121427	0.00312439	0.000646351	0.0001	0.000490557	0.00283742	10	0.001
0	10	100	5e-06	0.4	0.000127196	0.00312419	0.000646317	0.0001	0.000490373	0.00283724	10	0.001
0	10	100	5e-06	0.4	0.000133239	0.00312399	0.000646281	0.0001	0.00049018	0.00283706	10	0.001
0	10	100	5e-06	0.4	0.000139569	0.00312378	0.000646243	0.0001	0.000489979	0.00283686	10	0.001
0	10	100	5e-06	0.4	0.0001462	0.00312355	0.000646204	0.0001	0.000489767	0.00283666	10	0.001
0	10	100	5e-06	0.4	0.000153146	0.00312332	0.000646163	0.0001	0.000489546	0.00283645	10	0.001
0	10	100	5e-06	0.4	0.000160422	0.00312308	0.000646119	0.0001	0.000489314	0.00283623	10	0.001
0	10	100	5e-06	0.4	0.000168043	0.00312282	0.000646074	0.0001	0.000489071	0.002836	10	0.001
0	10	100	5e-06	0.4	0.000176027	0.00312255	0.000646027	0.0001	0.000488817	0.00283575	10	0.001
0	10	100	5e-06	0.4	0.00018439	0.00312227	0.000645977	0.0001	0.000488551	0.0028355	10	0.001
0	10	100	5e-06	0.4	0.00019315	0.00312198	0.000645925	0.0001	0.000488272	0.00283523	10	0.001
0	10	100	5e-06	0.4	0.000202326	0.00312167	0.000645871	0.0001	0.00048798	0.00283495	10	0.001
0	10	100	5e-06	0.4	0.000211939	0.00312134	0.000645814	0.0001	0.000487674	0.00283466	10	0.001
0	10	100	5e-06	0.4	0.000222008	0.00312101	0.000645754	0.0001	0.000487354	0.00283435	10	0.001
0	10	100	5e-06	0.4	0.000232555	0.00312065	0.000645691	0.0001	0.000487018	0.00283403	10	0.001
0	10	100	5e-06	0.4	0.000243604	0.00312028	0.000645626	0.0001	0.000486667	0.00283369	10	0.001
0	10	100	5e-06	0.4	0.000255177	0.00311989	0.000645557	0.0001	0.000486299	0.00283334	10	0.001
0	10	100	5e-06	0.4	0.000267301	0.00311949	0.000645485	0.0001	0.000485914	0.00283297	10	0.001
0	10	100	5e-06	0.4	0.00028	0.00311906	0.00064541	0.0001	0.000485511	0.00283258	10	0.001