(NADA).ET	(NNMT).ET	(NAMPT).ET	(NAMPT).Km	(NNMT).Km	Values[cell division rate]	[NAD]	(SIRT).Flux	(NAM import).v	[NAM]	[NMN]	(SIRT).ET	Values[scaling].InitialValue
0	0	100	5e-06	0.4	2.7e-06	0.0246229	4.98226e-06	0.0001	36.9901	0.0223401	10	0.001
0	0	100	5e-06	0.4	2.82828e-06	0.0246145	5.21791e-06	0.0001	35.3103	0.0223325	10	0.001
0	0	100	5e-06	0.4	2.96265e-06	0.0246057	5.46466e-06	0.0001	33.7067	0.0223245	10	0.001
0	0	100	5e-06	0.4	3.1034e-06	0.0245965	5.72301e-06	0.0001	32.1758	0.0223161	10	0.001
0	0	100	5e-06	0.4	3.25084e-06	0.0245868	5.99351e-06	0.0001	30.7144	0.0223074	10	0.001
0	0	100	5e-06	0.4	3.40529e-06	0.0245767	6.27673e-06	0.0001	29.3192	0.0222982	10	0.001
0	0	100	5e-06	0.4	3.56707e-06	0.0245662	6.57326e-06	0.0001	27.9873	0.0222886	10	0.001
0	0	100	5e-06	0.4	3.73654e-06	0.0245551	6.88371e-06	0.0001	26.7159	0.0222786	10	0.001
0	0	100	5e-06	0.4	3.91406e-06	0.0245435	7.20874e-06	0.0001	25.5021	0.022268	10	0.001
0	0	100	5e-06	0.4	4.10001e-06	0.0245313	7.549e-06	0.0001	24.3434	0.022257	10	0.001
0	0	100	5e-06	0.4	4.2948e-06	0.0245186	7.90522e-06	0.0001	23.2372	0.0222455	10	0.001
0	0	100	5e-06	0.4	4.49885e-06	0.0245053	8.27813e-06	0.0001	22.1812	0.0222334	10	0.001
0	0	100	5e-06	0.4	4.71258e-06	0.0244914	8.66849e-06	0.0001	21.173	0.0222208	10	0.001
0	0	100	5e-06	0.4	4.93648e-06	0.0244768	9.07711e-06	0.0001	20.2107	0.0222076	10	0.001
0	0	100	5e-06	0.4	5.17101e-06	0.0244616	9.50483e-06	0.0001	19.2919	0.0221937	10	0.001
0	0	100	5e-06	0.4	5.41668e-06	0.0244456	9.95254e-06	0.0001	18.4149	0.0221792	10	0.001
0	0	100	5e-06	0.4	5.67402e-06	0.0244289	1.04211e-05	0.0001	17.5776	0.0221641	10	0.001
0	0	100	5e-06	0.4	5.94359e-06	0.0244114	1.09116e-05	0.0001	16.7783	0.0221482	10	0.001
0	0	100	5e-06	0.4	6.22597e-06	0.0243931	1.14249e-05	0.0001	16.0152	0.0221316	10	0.001
0	0	100	5e-06	0.4	6.52176e-06	0.024374	1.1962e-05	0.0001	15.2868	0.0221143	10	0.001
0	0	100	5e-06	0.4	6.8316e-06	0.0243539	1.25242e-05	0.0001	14.5914	0.0220961	10	0.001
0	0	100	5e-06	0.4	7.15617e-06	0.024333	1.31125e-05	0.0001	13.9275	0.0220771	10	0.001
0	0	100	5e-06	0.4	7.49615e-06	0.024311	1.3728e-05	0.0001	13.2938	0.0220572	10	0.001
0	0	100	5e-06	0.4	7.85229e-06	0.0242881	1.43721e-05	0.0001	12.6888	0.0220364	10	0.001
0	0	100	5e-06	0.4	8.22535e-06	0.0242641	1.5046e-05	0.0001	12.1112	0.0220146	10	0.001
0	0	100	5e-06	0.4	8.61613e-06	0.024239	1.5751e-05	0.0001	11.5599	0.0219918	10	0.001
0	0	100	5e-06	0.4	9.02548e-06	0.0242127	1.64886e-05	0.0001	11.0335	0.021968	10	0.001
0	0	100	5e-06	0.4	9.45427e-06	0.0241853	1.72602e-05	0.0001	10.5311	0.0219431	10	0.001
0	0	100	5e-06	0.4	9.90344e-06	0.0241565	1.80673e-05	0.0001	10.0514	0.021917	10	0.001
0	0	100	5e-06	0.4	1.03739e-05	0.0241265	1.89114e-05	0.0001	9.59349	0.0218898	10	0.001
0	0	100	5e-06	0.4	1.08668e-05	0.0240951	1.97943e-05	0.0001	9.15635	0.0218613	10	0.001
0	0	100	5e-06	0.4	1.13831e-05	0.0240622	2.07177e-05	0.0001	8.73905	0.0218315	10	0.001
0	0	100	5e-06	0.4	1.19239e-05	0.0240279	2.16832e-05	0.0001	8.34067	0.0218003	10	0.001
0	0	100	5e-06	0.4	1.24904e-05	0.023992	2.26928e-05	0.0001	7.96037	0.0217678	10	0.001
0	0	100	5e-06	0.4	1.30838e-05	0.0239545	2.37483e-05	0.0001	7.59733	0.0217337	10	0.001
0	0	100	5e-06	0.4	1.37054e-05	0.0239153	2.48518e-05	0.0001	7.25076	0.0216982	10	0.001
0	0	100	5e-06	0.4	1.43565e-05	0.0238743	2.60053e-05	0.0001	6.91991	0.021661	10	0.001
0	0	100	5e-06	0.4	1.50386e-05	0.0238315	2.7211e-05	0.0001	6.60408	0.0216222	10	0.001
0	0	100	5e-06	0.4	1.57531e-05	0.0237868	2.84711e-05	0.0001	6.30257	0.0215816	10	0.001
0	0	100	5e-06	0.4	1.65015e-05	0.02374	2.97878e-05	0.0001	6.01475	0.0215392	10	0.001
0	0	100	5e-06	0.4	1.72855e-05	0.0236912	3.11636e-05	0.0001	5.73999	0.0214949	10	0.001
0	0	100	5e-06	0.4	1.81067e-05	0.0236402	3.26009e-05	0.0001	5.4777	0.0214487	10	0.001
0	0	100	5e-06	0.4	1.89669e-05	0.023587	3.41024e-05	0.0001	5.22732	0.0214004	10	0.001
0	0	100	5e-06	0.4	1.98681e-05	0.0235314	3.56705e-05	0.0001	4.9883	0.0213499	10	0.001
0	0	100	5e-06	0.4	2.0812e-05	0.0234734	3.73082e-05	0.0001	4.76013	0.0212973	10	0.001
0	0	100	5e-06	0.4	2.18007e-05	0.0234129	3.9018e-05	0.0001	4.54232	0.0212424	10	0.001
0	0	100	5e-06	0.4	2.28365e-05	0.0233497	4.08031e-05	0.0001	4.3344	0.0211851	10	0.001
0	0	100	5e-06	0.4	2.39214e-05	0.0232837	4.26663e-05	0.0001	4.13592	0.0211253	10	0.001
0	0	100	5e-06	0.4	2.50579e-05	0.023215	4.46107e-05	0.0001	3.94645	0.0210629	10	0.001
0	0	100	5e-06	0.4	2.62484e-05	0.0231433	4.66395e-05	0.0001	3.76559	0.0209978	10	0.001
0	0	100	5e-06	0.4	2.74955e-05	0.0230685	4.87559e-05	0.0001	3.59294	0.02093	10	0.001
0	0	100	5e-06	0.4	2.88017e-05	0.0229905	5.09633e-05	0.0001	3.42814	0.0208593	10	0.001
0	0	100	5e-06	0.4	3.01701e-05	0.0229093	5.32649e-05	0.0001	3.27082	0.0207856	10	0.001
0	0	100	5e-06	0.4	3.16035e-05	0.0228247	5.56644e-05	0.0001	3.12065	0.0207088	10	0.001
0	0	100	5e-06	0.4	3.31049e-05	0.0227365	5.81652e-05	0.0001	2.97731	0.0206288	10	0.001
0	0	100	5e-06	0.4	3.46777e-05	0.0226447	6.0771e-05	0.0001	2.84048	0.0205456	10	0.001
0	0	100	5e-06	0.4	3.63252e-05	0.0225492	6.34855e-05	0.0001	2.70988	0.0204589	10	0.001
0	0	100	5e-06	0.4	3.8051e-05	0.0224497	6.63122e-05	0.0001	2.58521	0.0203686	10	0.001
0	0	100	5e-06	0.4	3.98588e-05	0.0223462	6.92551e-05	0.0001	2.46621	0.0202748	10	0.001
0	0	100	5e-06	0.4	4.17525e-05	0.0222386	7.23179e-05	0.0001	2.35263	0.0201772	10	0.001
0	0	100	5e-06	0.4	4.37361e-05	0.0221268	7.55044e-05	0.0001	2.24422	0.0200757	10	0.001
0	0	100	5e-06	0.4	4.5814e-05	0.0220105	7.88185e-05	0.0001	2.14074	0.0199702	10	0.001
0	0	100	5e-06	0.4	4.79906e-05	0.0218897	8.2264e-05	0.0001	2.04197	0.0198607	10	0.001
0	0	100	5e-06	0.4	5.02706e-05	0.0217643	8.58447e-05	0.0001	1.9477	0.0197469	10	0.001
0	0	100	5e-06	0.4	5.26589e-05	0.0216342	8.95644e-05	0.0001	1.85773	0.0196288	10	0.001
0	0	100	5e-06	0.4	5.51607e-05	0.0214991	9.34268e-05	0.0001	1.77186	0.0195063	10	0.001
0	0	100	5e-06	0.4	5.77814e-05	0.0213591	9.74356e-05	0.0001	1.6899	0.0193793	10	0.001
0	0	100	5e-06	0.4	6.05266e-05	0.021214	0.000101594	0.0001	1.61169	0.0192477	10	0.001
0	0	100	5e-06	0.4	6.34021e-05	0.0210637	0.000105906	0.0001	1.53704	0.0191113	10	0.001
0	0	100	5e-06	0.4	6.64143e-05	0.0209081	0.000110375	0.0001	1.4658	0.0189702	10	0.001
0	0	100	5e-06	0.4	6.95696e-05	0.0207471	0.000115004	0.0001	1.39782	0.0188241	10	0.001
0	0	100	5e-06	0.4	7.28749e-05	0.0205806	0.000119795	0.0001	1.33294	0.0186731	10	0.001
0	0	100	5e-06	0.4	7.63371e-05	0.0204086	0.000124752	0.0001	1.27103	0.018517	10	0.001
0	0	100	5e-06	0.4	7.99638e-05	0.0202309	0.000129877	0.0001	1.21196	0.0183559	10	0.001
0	0	100	5e-06	0.4	8.37629e-05	0.0200476	0.000135171	0.0001	1.15559	0.0181896	10	0.001
0	0	100	5e-06	0.4	8.77424e-05	0.0198586	0.000140637	0.0001	1.1018	0.0180181	10	0.001
0	0	100	5e-06	0.4	9.1911e-05	0.0196639	0.000146277	0.0001	1.05049	0.0178414	10	0.001
0	0	100	5e-06	0.4	9.62776e-05	0.0194634	0.00015209	0.0001	1.00152	0.0176596	10	0.001
0	0	100	5e-06	0.4	0.000100852	0.0192571	0.000158078	0.0001	0.954807	0.0174725	10	0.001
0	0	100	5e-06	0.4	0.000105643	0.0190452	0.000164241	0.0001	0.91024	0.0172802	10	0.001
0	0	100	5e-06	0.4	0.000110662	0.0188275	0.000170578	0.0001	0.867723	0.0170828	10	0.001
0	0	100	5e-06	0.4	0.00011592	0.0186043	0.000177088	0.0001	0.827164	0.0168802	10	0.001
0	0	100	5e-06	0.4	0.000121427	0.0183755	0.000183769	0.0001	0.788475	0.0166727	10	0.001
0	0	100	5e-06	0.4	0.000127196	0.0181413	0.000190619	0.0001	0.75157	0.0164602	10	0.001
0	0	100	5e-06	0.4	0.000133239	0.0179018	0.000197635	0.0001	0.71637	0.016243	10	0.001
0	0	100	5e-06	0.4	0.000139569	0.0176572	0.000204814	0.0001	0.682796	0.016021	10	0.001
0	0	100	5e-06	0.4	0.0001462	0.0174076	0.00021215	0.0001	0.650777	0.0157946	10	0.001
0	0	100	5e-06	0.4	0.000153146	0.0171532	0.000219638	0.0001	0.62024	0.0155638	10	0.001
0	0	100	5e-06	0.4	0.000160422	0.0168943	0.000227273	0.0001	0.591118	0.015329	10	0.001
0	0	100	5e-06	0.4	0.000168043	0.0166311	0.000235047	0.0001	0.563348	0.0150902	10	0.001
0	0	100	5e-06	0.4	0.000176027	0.0163638	0.000242953	0.0001	0.536868	0.0148478	10	0.001
0	0	100	5e-06	0.4	0.00018439	0.0160929	0.000250984	0.0001	0.511619	0.014602	10	0.001
0	0	100	5e-06	0.4	0.00019315	0.0158186	0.000259128	0.0001	0.487546	0.0143532	10	0.001
0	0	100	5e-06	0.4	0.000202326	0.0155412	0.000267378	0.0001	0.464593	0.0141015	10	0.001
0	0	100	5e-06	0.4	0.000211939	0.0152612	0.000275723	0.0001	0.442711	0.0138475	10	0.001
0	0	100	5e-06	0.4	0.000222008	0.0149788	0.00028415	0.0001	0.42185	0.0135913	10	0.001
0	0	100	5e-06	0.4	0.000232555	0.0146945	0.000292649	0.0001	0.401963	0.0133335	10	0.001
0	0	100	5e-06	0.4	0.000243604	0.0144088	0.000301208	0.0001	0.383006	0.0130742	10	0.001
0	0	100	5e-06	0.4	0.000255177	0.014122	0.000309814	0.0001	0.364935	0.0128141	10	0.001
0	0	100	5e-06	0.4	0.000267301	0.0138345	0.000318453	0.0001	0.347709	0.0125533	10	0.001
0	0	100	5e-06	0.4	0.00028	0.0135469	0.000327113	0.0001	0.331291	0.0122924	10	0.001

0	0	400	5e-06	0.4	2.7e-06	0.130811	8.93012e-06	0.0001	36.7873	0.118751	10	0.001
0	0	400	5e-06	0.4	2.82828e-06	0.130783	9.3563e-06	0.0001	35.1076	0.118725	10	0.001
0	0	400	5e-06	0.4	2.96265e-06	0.130754	9.80291e-06	0.0001	33.504	0.118699	10	0.001
0	0	400	5e-06	0.4	3.1034e-06	0.130723	1.02709e-05	0.0001	31.9732	0.118671	10	0.001
0	0	400	5e-06	0.4	3.25084e-06	0.130691	1.07614e-05	0.0001	30.5118	0.118642	10	0.001
0	0	400	5e-06	0.4	3.40529e-06	0.130657	1.12755e-05	0.0001	29.1167	0.118611	10	0.001
0	0	400	5e-06	0.4	3.56707e-06	0.130622	1.18142e-05	0.0001	27.7849	0.118579	10	0.001
0	0	400	5e-06	0.4	3.73654e-06	0.130585	1.23788e-05	0.0001	26.5135	0.118545	10	0.001
0	0	400	5e-06	0.4	3.91406e-06	0.130546	1.29706e-05	0.0001	25.2997	0.11851	10	0.001
0	0	400	5e-06	0.4	4.10001e-06	0.130506	1.35908e-05	0.0001	24.1411	0.118473	10	0.001
0	0	400	5e-06	0.4	4.2948e-06	0.130463	1.42409e-05	0.0001	23.0349	0.118435	10	0.001
0	0	400	5e-06	0.4	4.49885e-06	0.130418	1.49223e-05	0.0001	21.979	0.118394	10	0.001
0	0	400	5e-06	0.4	4.71258e-06	0.130372	1.56365e-05	0.0001	20.9709	0.118352	10	0.001
0	0	400	5e-06	0.4	4.93648e-06	0.130323	1.63852e-05	0.0001	20.0086	0.118307	10	0.001
0	0	400	5e-06	0.4	5.17101e-06	0.130271	1.717e-05	0.0001	19.0899	0.118261	10	0.001
0	0	400	5e-06	0.4	5.41668e-06	0.130218	1.79927e-05	0.0001	18.213	0.118212	10	0.001
0	0	400	5e-06	0.4	5.67402e-06	0.130161	1.88551e-05	0.0001	17.3757	0.118161	10	0.001
0	0	400	5e-06	0.4	5.94359e-06	0.130102	1.97593e-05	0.0001	16.5765	0.118107	10	0.001
0	0	400	5e-06	0.4	6.22597e-06	0.13004	2.07073e-05	0.0001	15.8135	0.118051	10	0.001
0	0	400	5e-06	0.4	6.52176e-06	0.129975	2.17011e-05	0.0001	15.0852	0.117992	10	0.001
0	0	400	5e-06	0.4	6.8316e-06	0.129907	2.27432e-05	0.0001	14.3899	0.11793	10	0.001
0	0	400	5e-06	0.4	7.15617e-06	0.129836	2.38358e-05	0.0001	13.7261	0.117866	10	0.001
0	0	400	5e-06	0.4	7.49615e-06	0.129761	2.49815e-05	0.0001	13.0925	0.117798	10	0.001
0	0	400	5e-06	0.4	7.85229e-06	0.129683	2.61829e-05	0.0001	12.4876	0.117727	10	0.001
0	0	400	5e-06	0.4	8.22535e-06	0.129601	2.74428e-05	0.0001	11.9102	0.117652	10	0.001
0	0	400	5e-06	0.4	8.61613e-06	0.129515	2.87641e-05	0.0001	11.3589	0.117574	10	0.001
0	0	400	5e-06	0.4	9.02548e-06	0.129425	3.01498e-05	0.0001	10.8327	0.117493	10	0.001
0	0	400	5e-06	0.4	9.45427e-06	0.129331	3.16032e-05	0.0001	10.3304	0.117407	10	0.001
0	0	400	5e-06	0.4	9.90344e-06	0.129232	3.31277e-05	0.0001	9.85083	0.117317	10	0.001
0	0	400	5e-06	0.4	1.03739e-05	0.129128	3.47268e-05	0.0001	9.39306	0.117223	10	0.001
0	0	400	5e-06	0.4	1.08668e-05	0.129019	3.64043e-05	0.0001	8.95607	0.117124	10	0.001
0	0	400	5e-06	0.4	1.13831e-05	0.128905	3.81642e-05	0.0001	8.53892	0.11702	10	0.001
0	0	400	5e-06	0.4	1.19239e-05	0.128785	4.00106e-05	0.0001	8.1407	0.116912	10	0.001
0	0	400	5e-06	0.4	1.24904e-05	0.12866	4.19478e-05	0.0001	7.76058	0.116798	10	0.001
0	0	400	5e-06	0.4	1.30838e-05	0.128528	4.39806e-05	0.0001	7.39771	0.116679	10	0.001
0	0	400	5e-06	0.4	1.37054e-05	0.128391	4.61137e-05	0.0001	7.05133	0.116553	10	0.001
0	0	400	5e-06	0.4	1.43565e-05	0.128246	4.83523e-05	0.0001	6.72068	0.116422	10	0.001
0	0	400	5e-06	0.4	1.50386e-05	0.128095	5.07018e-05	0.0001	6.40505	0.116285	10	0.001
0	0	400	5e-06	0.4	1.57531e-05	0.127936	5.3168e-05	0.0001	6.10376	0.116141	10	0.001
0	0	400	5e-06	0.4	1.65015e-05	0.127769	5.57567e-05	0.0001	5.81617	0.115989	10	0.001
0	0	400	5e-06	0.4	1.72855e-05	0.127594	5.84743e-05	0.0001	5.54165	0.115831	10	0.001
0	0	400	5e-06	0.4	1.81067e-05	0.127411	6.13275e-05	0.0001	5.27962	0.115664	10	0.001
0	0	400	5e-06	0.4	1.89669e-05	0.127219	6.43234e-05	0.0001	5.0295	0.11549	10	0.001
0	0	400	5e-06	0.4	1.98681e-05	0.127017	6.74694e-05	0.0001	4.79076	0.115307	10	0.001
0	0	400	5e-06	0.4	2.0812e-05	0.126806	7.07732e-05	0.0001	4.56288	0.115115	10	0.001
0	0	400	5e-06	0.4	2.18007e-05	0.126584	7.42432e-05	0.0001	4.34538	0.114914	10	0.001
0	0	400	5e-06	0.4	2.28365e-05	0.126352	7.78881e-05	0.0001	4.13778	0.114703	10	0.001
0	0	400	5e-06	0.4	2.39214e-05	0.126108	8.17172e-05	0.0001	3.93964	0.114482	10	0.001
0	0	400	5e-06	0.4	2.50579e-05	0.125852	8.57401e-05	0.0001	3.75053	0.114249	10	0.001
0	0	400	5e-06	0.4	2.62484e-05	0.125584	8.99671e-05	0.0001	3.57004	0.114006	10	0.001
0	0	400	5e-06	0.4	2.74955e-05	0.125302	9.44091e-05	0.0001	3.39779	0.11375	10	0.001
0	0	400	5e-06	0.4	2.88017e-05	0.125007	9.90776e-05	0.0001	3.2334	0.113482	10	0.001
0	0	400	5e-06	0.4	3.01701e-05	0.124697	0.000103985	0.0001	3.07652	0.113201	10	0.001
0	0	400	5e-06	0.4	3.16035e-05	0.124372	0.000109143	0.0001	2.92681	0.112906	10	0.001
0	0	400	5e-06	0.4	3.31049e-05	0.124031	0.000114566	0.0001	2.78395	0.112597	10	0.001
0	0	400	5e-06	0.4	3.46777e-05	0.123674	0.000120268	0.0001	2.64763	0.112272	10	0.001
0	0	400	5e-06	0.4	3.63252e-05	0.123298	0.000126264	0.0001	2.51756	0.111931	10	0.001
0	0	400	5e-06	0.4	3.8051e-05	0.122905	0.00013257	0.0001	2.39345	0.111574	10	0.001
0	0	400	5e-06	0.4	3.98588e-05	0.122491	0.000139203	0.0001	2.27505	0.111199	10	0.001
0	0	400	5e-06	0.4	4.17525e-05	0.122058	0.00014618	0.0001	2.16209	0.110805	10	0.001
0	0	400	5e-06	0.4	4.37361e-05	0.121603	0.00015352	0.0001	2.05433	0.110393	10	0.001
0	0	400	5e-06	0.4	4.5814e-05	0.121126	0.000161243	0.0001	1.95154	0.10996	10	0.001
0	0	400	5e-06	0.4	4.79906e-05	0.120626	0.000169369	0.0001	1.85349	0.109505	10	0.001
0	0	400	5e-06	0.4	5.02706e-05	0.120101	0.000177919	0.0001	1.75999	0.109029	10	0.001
0	0	400	5e-06	0.4	5.26589e-05	0.11955	0.000186918	0.0001	1.67082	0.108529	10	0.001
0	0	400	5e-06	0.4	5.51607e-05	0.118973	0.000196389	0.0001	1.58579	0.108005	10	0.001
0	0	400	5e-06	0.4	5.77814e-05	0.118367	0.000206357	0.0001	1.50473	0.107455	10	0.001
0	0	400	5e-06	0.4	6.05266e-05	0.117732	0.000216848	0.0001	1.42744	0.106879	10	0.001
0	0	400	5e-06	0.4	6.34021e-05	0.117066	0.00022789	0.0001	1.35378	0.106274	10	0.001
0	0	400	5e-06	0.4	6.64143e-05	0.116368	0.000239512	0.0001	1.28358	0.105641	10	0.001
0	0	400	5e-06	0.4	6.95696e-05	0.115637	0.000251745	0.0001	1.21668	0.104977	10	0.001
0	0	400	5e-06	0.4	7.28749e-05	0.114871	0.000264618	0.0001	1.15295	0.104281	10	0.001
0	0	400	5e-06	0.4	7.63371e-05	0.114068	0.000278164	0.0001	1.09225	0.103553	10	0.001
0	0	400	5e-06	0.4	7.99638e-05	0.113228	0.000292417	0.0001	1.03444	0.10279	10	0.001
0	0	400	5e-06	0.4	8.37629e-05	0.112348	0.000307411	0.0001	0.979398	0.101992	10	0.001
0	0	400	5e-06	0.4	8.77424e-05	0.111428	0.000323181	0.0001	0.927008	0.101157	10	0.001
0	0	400	5e-06	0.4	9.1911e-05	0.110466	0.000339763	0.0001	0.877154	0.100283	10	0.001
0	0	400	5e-06	0.4	9.62776e-05	0.109461	0.000357191	0.0001	0.829727	0.0993705	10	0.001
0	0	400	5e-06	0.4	0.000100852	0.10841	0.000375504	0.0001	0.784623	0.0984172	10	0.001
0	0	400	5e-06	0.4	0.000105643	0.107314	0.000394736	0.0001	0.741743	0.0974224	10	0.001
0	0	400	5e-06	0.4	0.000110662	0.106171	0.000414923	0.0001	0.700993	0.0963848	10	0.001
0	0	400	5e-06	0.4	0.00011592	0.10498	0.0004361	0.0001	0.662282	0.0953037	10	0.001
0	0	400	5e-06	0.4	0.000121427	0.10374	0.0004583	0.0001	0.625522	0.0941783	10	0.001
0	0	400	5e-06	0.4	0.000127196	0.102451	0.000481552	0.0001	0.590631	0.093008	10	0.001
0	0	400	5e-06	0.4	0.000133239	0.101112	0.000505887	0.0001	0.55753	0.0917925	10	0.001
0	0	400	5e-06	0.4	0.000139569	0.0997229	0.000531328	0.0001	0.526141	0.0905315	10	0.001
0	0	400	5e-06	0.4	0.0001462	0.0982837	0.000557897	0.0001	0.496392	0.0892252	10	0.001
0	0	400	5e-06	0.4	0.000153146	0.096795	0.00058561	0.0001	0.468211	0.0878739	10	0.001
0	0	400	5e-06	0.4	0.000160422	0.0952576	0.000614477	0.0001	0.44153	0.0864783	10	0.001
0	0	400	5e-06	0.4	0.000168043	0.0936724	0.000644503	0.0001	0.416284	0.0850395	10	0.001
0	0	400	5e-06	0.4	0.000176027	0.0920411	0.000675687	0.0001	0.392407	0.0835587	10	0.001
0	0	400	5e-06	0.4	0.00018439	0.0903654	0.000708016	0.0001	0.36984	0.0820377	10	0.001
0	0	400	5e-06	0.4	0.00019315	0.0886478	0.000741474	0.0001	0.348521	0.0804786	10	0.001
0	0	400	5e-06	0.4	0.000202326	0.0868908	0.000776032	0.0001	0.328393	0.0788838	10	0.001
0	0	400	5e-06	0.4	0.000211939	0.0850977	0.000811655	0.0001	0.309399	0.0772562	10	0.001
0	0	400	5e-06	0.4	0.000222008	0.0832719	0.000848298	0.0001	0.291484	0.0755989	10	0.001
0	0	400	5e-06	0.4	0.000232555	0.0814173	0.000885905	0.0001	0.274594	0.0739154	10	0.001
0	0	400	5e-06	0.4	0.000243604	0.0795379	0.000924413	0.0001	0.258679	0.0722095	10	0.001
0	0	400	5e-06	0.4	0.000255177	0.0776384	0.000963749	0.0001	0.243686	0.0704853	10	0.001
0	0	400	5e-06	0.4	0.000267301	0.0757232	0.00100383	0.0001	0.229568	0.0687469	10	0.001
0	0	400	5e-06	0.4	0.00028	0.0737973	0.00104458	0.0001	0.216276	0.0669987	10	0.001


0	10	100	5e-06	0.4	2.7e-06	0.00312838	0.000647056	0.0001	0.000494351	0.00284104	10	0.001
0	10	100	5e-06	0.4	2.82828e-06	0.00312838	0.000647055	0.0001	0.000494347	0.00284104	10	0.001
0	10	100	5e-06	0.4	2.96265e-06	0.00312837	0.000647055	0.0001	0.000494343	0.00284104	10	0.001
0	10	100	5e-06	0.4	3.1034e-06	0.00312837	0.000647054	0.0001	0.000494338	0.00284103	10	0.001
0	10	100	5e-06	0.4	3.25084e-06	0.00312836	0.000647053	0.0001	0.000494334	0.00284103	10	0.001
0	10	100	5e-06	0.4	3.40529e-06	0.00312836	0.000647052	0.0001	0.000494329	0.00284102	10	0.001
0	10	100	5e-06	0.4	3.56707e-06	0.00312835	0.000647051	0.0001	0.000494323	0.00284102	10	0.001
0	10	100	5e-06	0.4	3.73654e-06	0.00312835	0.00064705	0.0001	0.000494318	0.00284101	10	0.001
0	10	100	5e-06	0.4	3.91406e-06	0.00312834	0.000647049	0.0001	0.000494312	0.00284101	10	0.001
0	10	100	5e-06	0.4	4.10001e-06	0.00312833	0.000647048	0.0001	0.000494306	0.002841	10	0.001
0	10	100	5e-06	0.4	4.2948e-06	0.00312833	0.000647047	0.0001	0.0004943	0.00284099	10	0.001
0	10	100	5e-06	0.4	4.49885e-06	0.00312832	0.000647045	0.0001	0.000494294	0.00284099	10	0.001
0	10	100	5e-06	0.4	4.71258e-06	0.00312831	0.000647044	0.0001	0.000494287	0.00284098	10	0.001
0	10	100	5e-06	0.4	4.93648e-06	0.00312831	0.000647043	0.0001	0.00049428	0.00284098	10	0.001
0	10	100	5e-06	0.4	5.17101e-06	0.0031283	0.000647041	0.0001	0.000494272	0.00284097	10	0.001
0	10	100	5e-06	0.4	5.41668e-06	0.00312829	0.00064704	0.0001	0.000494264	0.00284096	10	0.001
0	10	100	5e-06	0.4	5.67402e-06	0.00312828	0.000647038	0.0001	0.000494256	0.00284095	10	0.001
0	10	100	5e-06	0.4	5.94359e-06	0.00312827	0.000647037	0.0001	0.000494247	0.00284094	10	0.001
0	10	100	5e-06	0.4	6.22597e-06	0.00312826	0.000647035	0.0001	0.000494238	0.00284094	10	0.001
0	10	100	5e-06	0.4	6.52176e-06	0.00312825	0.000647033	0.0001	0.000494229	0.00284093	10	0.001
0	10	100	5e-06	0.4	6.8316e-06	0.00312824	0.000647032	0.0001	0.000494219	0.00284092	10	0.001
0	10	100	5e-06	0.4	7.15617e-06	0.00312823	0.00064703	0.0001	0.000494208	0.00284091	10	0.001
0	10	100	5e-06	0.4	7.49615e-06	0.00312822	0.000647028	0.0001	0.000494198	0.0028409	10	0.001
0	10	100	5e-06	0.4	7.85229e-06	0.00312821	0.000647026	0.0001	0.000494186	0.00284089	10	0.001
0	10	100	5e-06	0.4	8.22535e-06	0.00312819	0.000647023	0.0001	0.000494174	0.00284087	10	0.001
0	10	100	5e-06	0.4	8.61613e-06	0.00312818	0.000647021	0.0001	0.000494162	0.00284086	10	0.001
0	10	100	5e-06	0.4	9.02548e-06	0.00312817	0.000647019	0.0001	0.000494149	0.00284085	10	0.001
0	10	100	5e-06	0.4	9.45427e-06	0.00312815	0.000647016	0.0001	0.000494135	0.00284084	10	0.001
0	10	100	5e-06	0.4	9.90344e-06	0.00312814	0.000647013	0.0001	0.000494121	0.00284082	10	0.001
0	10	100	5e-06	0.4	1.03739e-05	0.00312812	0.000647011	0.0001	0.000494106	0.00284081	10	0.001
0	10	100	5e-06	0.4	1.08668e-05	0.00312811	0.000647008	0.0001	0.00049409	0.00284079	10	0.001
0	10	100	5e-06	0.4	1.13831e-05	0.00312809	0.000647005	0.0001	0.000494073	0.00284078	10	0.001
0	10	100	5e-06	0.4	1.19239e-05	0.00312807	0.000647001	0.0001	0.000494056	0.00284076	10	0.001
0	10	100	5e-06	0.4	1.24904e-05	0.00312805	0.000646998	0.0001	0.000494038	0.00284074	10	0.001
0	10	100	5e-06	0.4	1.30838e-05	0.00312803	0.000646994	0.0001	0.000494019	0.00284073	10	0.001
0	10	100	5e-06	0.4	1.37054e-05	0.00312801	0.000646991	0.0001	0.000493999	0.00284071	10	0.001
0	10	100	5e-06	0.4	1.43565e-05	0.00312799	0.000646987	0.0001	0.000493978	0.00284069	10	0.001
0	10	100	5e-06	0.4	1.50386e-05	0.00312797	0.000646983	0.0001	0.000493956	0.00284067	10	0.001
0	10	100	5e-06	0.4	1.57531e-05	0.00312794	0.000646979	0.0001	0.000493933	0.00284064	10	0.001
0	10	100	5e-06	0.4	1.65015e-05	0.00312792	0.000646974	0.0001	0.000493909	0.00284062	10	0.001
0	10	100	5e-06	0.4	1.72855e-05	0.00312789	0.000646969	0.0001	0.000493884	0.0028406	10	0.001
0	10	100	5e-06	0.4	1.81067e-05	0.00312786	0.000646965	0.0001	0.000493858	0.00284057	10	0.001
0	10	100	5e-06	0.4	1.89669e-05	0.00312783	0.000646959	0.0001	0.000493831	0.00284055	10	0.001
0	10	100	5e-06	0.4	1.98681e-05	0.0031278	0.000646954	0.0001	0.000493802	0.00284052	10	0.001
0	10	100	5e-06	0.4	2.0812e-05	0.00312777	0.000646949	0.0001	0.000493771	0.00284049	10	0.001
0	10	100	5e-06	0.4	2.18007e-05	0.00312774	0.000646943	0.0001	0.00049374	0.00284046	10	0.001
0	10	100	5e-06	0.4	2.28365e-05	0.0031277	0.000646937	0.0001	0.000493707	0.00284043	10	0.001
0	10	100	5e-06	0.4	2.39214e-05	0.00312767	0.00064693	0.0001	0.000493672	0.0028404	10	0.001
0	10	100	5e-06	0.4	2.50579e-05	0.00312763	0.000646923	0.0001	0.000493636	0.00284036	10	0.001
0	10	100	5e-06	0.4	2.62484e-05	0.00312759	0.000646916	0.0001	0.000493598	0.00284032	10	0.001
0	10	100	5e-06	0.4	2.74955e-05	0.00312755	0.000646909	0.0001	0.000493558	0.00284029	10	0.001
0	10	100	5e-06	0.4	2.88017e-05	0.0031275	0.000646901	0.0001	0.000493516	0.00284025	10	0.001
0	10	100	5e-06	0.4	3.01701e-05	0.00312746	0.000646893	0.0001	0.000493472	0.0028402	10	0.001
0	10	100	5e-06	0.4	3.16035e-05	0.00312741	0.000646884	0.0001	0.000493426	0.00284016	10	0.001
0	10	100	5e-06	0.4	3.31049e-05	0.00312736	0.000646876	0.0001	0.000493378	0.00284011	10	0.001
0	10	100	5e-06	0.4	3.46777e-05	0.0031273	0.000646866	0.0001	0.000493328	0.00284007	10	0.001
0	10	100	5e-06	0.4	3.63252e-05	0.00312725	0.000646856	0.0001	0.000493275	0.00284002	10	0.001
0	10	100	5e-06	0.4	3.8051e-05	0.00312719	0.000646846	0.0001	0.00049322	0.00283996	10	0.001
0	10	100	5e-06	0.4	3.98588e-05	0.00312713	0.000646835	0.0001	0.000493162	0.00283991	10	0.001
0	10	100	5e-06	0.4	4.17525e-05	0.00312707	0.000646824	0.0001	0.000493102	0.00283985	10	0.001
0	10	100	5e-06	0.4	4.37361e-05	0.003127	0.000646812	0.0001	0.000493038	0.00283979	10	0.001
0	10	100	5e-06	0.4	4.5814e-05	0.00312693	0.0006468	0.0001	0.000492972	0.00283973	10	0.001
0	10	100	5e-06	0.4	4.79906e-05	0.00312686	0.000646787	0.0001	0.000492902	0.00283966	10	0.001
0	10	100	5e-06	0.4	5.02706e-05	0.00312678	0.000646774	0.0001	0.000492829	0.00283959	10	0.001
0	10	100	5e-06	0.4	5.26589e-05	0.0031267	0.000646759	0.0001	0.000492753	0.00283952	10	0.001
0	10	100	5e-06	0.4	5.51607e-05	0.00312662	0.000646745	0.0001	0.000492673	0.00283944	10	0.001
0	10	100	5e-06	0.4	5.77814e-05	0.00312653	0.000646729	0.0001	0.000492589	0.00283936	10	0.001
0	10	100	5e-06	0.4	6.05266e-05	0.00312643	0.000646713	0.0001	0.000492502	0.00283928	10	0.001
0	10	100	5e-06	0.4	6.34021e-05	0.00312634	0.000646696	0.0001	0.00049241	0.00283919	10	0.001
0	10	100	5e-06	0.4	6.64143e-05	0.00312624	0.000646678	0.0001	0.000492313	0.0028391	10	0.001
0	10	100	5e-06	0.4	6.95696e-05	0.00312613	0.000646659	0.0001	0.000492213	0.002839	10	0.001
0	10	100	5e-06	0.4	7.28749e-05	0.00312602	0.000646639	0.0001	0.000492107	0.0028389	10	0.001
0	10	100	5e-06	0.4	7.63371e-05	0.0031259	0.000646619	0.0001	0.000491996	0.00283879	10	0.001
0	10	100	5e-06	0.4	7.99638e-05	0.00312578	0.000646597	0.0001	0.000491881	0.00283868	10	0.001
0	10	100	5e-06	0.4	8.37629e-05	0.00312565	0.000646575	0.0001	0.000491759	0.00283857	10	0.001
0	10	100	5e-06	0.4	8.77424e-05	0.00312552	0.000646551	0.0001	0.000491632	0.00283845	10	0.001
0	10	100	5e-06	0.4	9.1911e-05	0.00312538	0.000646526	0.0001	0.000491499	0.00283832	10	0.001
0	10	100	5e-06	0.4	9.62776e-05	0.00312523	0.0006465	0.0001	0.00049136	0.00283819	10	0.001
0	10	100	5e-06	0.4	0.000100852	0.00312508	0.000646473	0.0001	0.000491214	0.00283805	10	0.001
0	10	100	5e-06	0.4	0.000105643	0.00312492	0.000646445	0.0001	0.000491061	0.0028379	10	0.001
0	10	100	5e-06	0.4	0.000110662	0.00312475	0.000646415	0.0001	0.000490901	0.00283775	10	0.001
0	10	100	5e-06	0.4	0.00011592	0.00312457	0.000646384	0.0001	0.000490733	0.00283759	10	0.001
0	10	100	5e-06	0.4	0.000121427	0.00312439	0.000646351	0.0001	0.000490557	0.00283742	10	0.001
0	10	100	5e-06	0.4	0.000127196	0.00312419	0.000646317	0.0001	0.000490373	0.00283724	10	0.001
0	10	100	5e-06	0.4	0.000133239	0.00312399	0.000646281	0.0001	0.00049018	0.00283706	10	0.001
0	10	100	5e-06	0.4	0.000139569	0.00312378	0.000646243	0.0001	0.000489979	0.00283686	10	0.001
0	10	100	5e-06	0.4	0.0001462	0.00312355	0.000646204	0.0001	0.000489767	0.00283666	10	0.001
0	10	100	5e-06	0.4	0.000153146	0.00312332	0.000646163	0.0001	0.000489546	0.00283645	10	0.001
0	10	100	5e-06	0.4	0.000160422	0.00312308	0.000646119	0.0001	0.000489314	0.00283623	10	0.001
0	10	100	5e-06	0.4	0.000168043	0.00312282	0.000646074	0.0001	0.000489071	0.002836	10	0.001
0	10	100	5e-06	0.4	0.000176027	0.00312255	0.000646027	0.0001	0.000488817	0.00283575	10	0.001
0	10	100	5e-06	0.4	0.00018439	0.00312227	0.000645977	0.0001	0.000488551	0.0028355	10	0.001
0	10	100	5e-06	0.4	0.00019315	0.00312198	0.000645925	0.0001	0.000488272	0.00283523	10	0.001
0	10	100	5e-06	0.4	0.000202326	0.00312167	0.000645871	0.0001	0.00048798	0.00283495	10	0.001
0	10	100	5e-06	0.4	0.000211939	0.00312134	0.000645814	0.0001	0.000487674	0.00283466	10	0.001
0	10	100	5e-06	0.4	0.000222008	0.00312101	0.000645754	0.0001	0.000487354	0.00283435	10	0.001
0	10	100	5e-06	0.4	0.000232555	0.00312065	0.000645691	0.0001	0.000487018	0.00283403	10	0.001
0	10	100	5e-06	0.4	0.000243604	0.00312028	0.000645626	0.0001	0.000486667	0.00283369	10	0.001
0	10	100	5e-06	0.4	0.000255177	0.00311989	0.000645557	0.0001	0.000486299	0.00283334	10	0.001
0	10	100	5e-06	0.4	0.000267301	0.00311949	0.000645485	0.0001	0.000485914	0.00283297	10	0.001
0	10	100	5e-06	0.4	0.00028	0.00311906	0.00064541	0.0001	0.000485511	0.00283258	10	0.001

0	10	400	5e-06	0.4	2.7e-06	0.0157084	0.00233483	0.0001	0.00049403	0.0142695	10	0.001
0	10	400	5e-06	0.4	2.82828e-06	0.0157083	0.00233482	0.0001	0.000494011	0.0142694	10	0.001
0	10	400	5e-06	0.4	2.96265e-06	0.0157082	0.00233482	0.0001	0.00049399	0.0142694	10	0.001
0	10	400	5e-06	0.4	3.1034e-06	0.0157081	0.00233481	0.0001	0.000493969	0.0142693	10	0.001
0	10	400	5e-06	0.4	3.25084e-06	0.015708	0.0023348	0.0001	0.000493947	0.0142692	10	0.001
0	10	400	5e-06	0.4	3.40529e-06	0.0157078	0.00233479	0.0001	0.000493924	0.0142691	10	0.001
0	10	400	5e-06	0.4	3.56707e-06	0.0157077	0.00233478	0.0001	0.000493899	0.0142689	10	0.001
0	10	400	5e-06	0.4	3.73654e-06	0.0157076	0.00233476	0.0001	0.000493874	0.0142688	10	0.001
0	10	400	5e-06	0.4	3.91406e-06	0.0157075	0.00233475	0.0001	0.000493847	0.0142687	10	0.001
0	10	400	5e-06	0.4	4.10001e-06	0.0157073	0.00233474	0.0001	0.000493819	0.0142686	10	0.001
0	10	400	5e-06	0.4	4.2948e-06	0.0157072	0.00233473	0.0001	0.000493789	0.0142684	10	0.001
0	10	400	5e-06	0.4	4.49885e-06	0.015707	0.00233471	0.0001	0.000493759	0.0142683	10	0.001
0	10	400	5e-06	0.4	4.71258e-06	0.0157069	0.0023347	0.0001	0.000493726	0.0142682	10	0.001
0	10	400	5e-06	0.4	4.93648e-06	0.0157067	0.00233469	0.0001	0.000493693	0.014268	10	0.001
0	10	400	5e-06	0.4	5.17101e-06	0.0157065	0.00233467	0.0001	0.000493657	0.0142679	10	0.001
0	10	400	5e-06	0.4	5.41668e-06	0.0157063	0.00233465	0.0001	0.00049362	0.0142677	10	0.001
0	10	400	5e-06	0.4	5.67402e-06	0.0157061	0.00233464	0.0001	0.000493581	0.0142675	10	0.001
0	10	400	5e-06	0.4	5.94359e-06	0.0157059	0.00233462	0.0001	0.000493541	0.0142673	10	0.001
0	10	400	5e-06	0.4	6.22597e-06	0.0157057	0.0023346	0.0001	0.000493498	0.0142671	10	0.001
0	10	400	5e-06	0.4	6.52176e-06	0.0157055	0.00233458	0.0001	0.000493453	0.0142669	10	0.001
0	10	400	5e-06	0.4	6.8316e-06	0.0157053	0.00233456	0.0001	0.000493407	0.0142667	10	0.001
0	10	400	5e-06	0.4	7.15617e-06	0.015705	0.00233454	0.0001	0.000493358	0.0142665	10	0.001
0	10	400	5e-06	0.4	7.49615e-06	0.0157048	0.00233452	0.0001	0.000493307	0.0142663	10	0.001
0	10	400	5e-06	0.4	7.85229e-06	0.0157045	0.00233449	0.0001	0.000493253	0.014266	10	0.001
0	10	400	5e-06	0.4	8.22535e-06	0.0157042	0.00233447	0.0001	0.000493197	0.0142658	10	0.001
0	10	400	5e-06	0.4	8.61613e-06	0.0157039	0.00233444	0.0001	0.000493138	0.0142655	10	0.001
0	10	400	5e-06	0.4	9.02548e-06	0.0157036	0.00233441	0.0001	0.000493076	0.0142652	10	0.001
0	10	400	5e-06	0.4	9.45427e-06	0.0157033	0.00233439	0.0001	0.000493011	0.0142649	10	0.001
0	10	400	5e-06	0.4	9.90344e-06	0.015703	0.00233436	0.0001	0.000492943	0.0142646	10	0.001
0	10	400	5e-06	0.4	1.03739e-05	0.0157026	0.00233432	0.0001	0.000492873	0.0142643	10	0.001
0	10	400	5e-06	0.4	1.08668e-05	0.0157023	0.00233429	0.0001	0.000492798	0.014264	10	0.001
0	10	400	5e-06	0.4	1.13831e-05	0.0157019	0.00233426	0.0001	0.00049272	0.0142636	10	0.001
0	10	400	5e-06	0.4	1.19239e-05	0.0157015	0.00233422	0.0001	0.000492639	0.0142633	10	0.001
0	10	400	5e-06	0.4	1.24904e-05	0.015701	0.00233418	0.0001	0.000492553	0.0142629	10	0.001
0	10	400	5e-06	0.4	1.30838e-05	0.0157006	0.00233414	0.0001	0.000492464	0.0142625	10	0.001
0	10	400	5e-06	0.4	1.37054e-05	0.0157001	0.0023341	0.0001	0.00049237	0.014262	10	0.001
0	10	400	5e-06	0.4	1.43565e-05	0.0156996	0.00233406	0.0001	0.000492272	0.0142616	10	0.001
0	10	400	5e-06	0.4	1.50386e-05	0.0156991	0.00233401	0.0001	0.000492169	0.0142611	10	0.001
0	10	400	5e-06	0.4	1.57531e-05	0.0156986	0.00233397	0.0001	0.000492062	0.0142606	10	0.001
0	10	400	5e-06	0.4	1.65015e-05	0.015698	0.00233392	0.0001	0.000491949	0.0142601	10	0.001
0	10	400	5e-06	0.4	1.72855e-05	0.0156974	0.00233386	0.0001	0.000491831	0.0142596	10	0.001
0	10	400	5e-06	0.4	1.81067e-05	0.0156968	0.00233381	0.0001	0.000491707	0.014259	10	0.001
0	10	400	5e-06	0.4	1.89669e-05	0.0156962	0.00233375	0.0001	0.000491577	0.0142585	10	0.001
0	10	400	5e-06	0.4	1.98681e-05	0.0156955	0.00233369	0.0001	0.000491442	0.0142578	10	0.001
0	10	400	5e-06	0.4	2.0812e-05	0.0156948	0.00233363	0.0001	0.000491299	0.0142572	10	0.001
0	10	400	5e-06	0.4	2.18007e-05	0.0156941	0.00233356	0.0001	0.000491151	0.0142565	10	0.001
0	10	400	5e-06	0.4	2.28365e-05	0.0156933	0.00233349	0.0001	0.000490995	0.0142558	10	0.001
0	10	400	5e-06	0.4	2.39214e-05	0.0156925	0.00233342	0.0001	0.000490831	0.0142551	10	0.001
0	10	400	5e-06	0.4	2.50579e-05	0.0156916	0.00233335	0.0001	0.00049066	0.0142543	10	0.001
0	10	400	5e-06	0.4	2.62484e-05	0.0156907	0.00233327	0.0001	0.000490481	0.0142535	10	0.001
0	10	400	5e-06	0.4	2.74955e-05	0.0156898	0.00233318	0.0001	0.000490293	0.0142526	10	0.001
0	10	400	5e-06	0.4	2.88017e-05	0.0156888	0.0023331	0.0001	0.000490097	0.0142517	10	0.001
0	10	400	5e-06	0.4	3.01701e-05	0.0156878	0.002333	0.0001	0.000489891	0.0142508	10	0.001
0	10	400	5e-06	0.4	3.16035e-05	0.0156867	0.00233291	0.0001	0.000489675	0.0142498	10	0.001
0	10	400	5e-06	0.4	3.31049e-05	0.0156856	0.00233281	0.0001	0.000489449	0.0142488	10	0.001
0	10	400	5e-06	0.4	3.46777e-05	0.0156844	0.0023327	0.0001	0.000489213	0.0142477	10	0.001
0	10	400	5e-06	0.4	3.63252e-05	0.0156831	0.00233259	0.0001	0.000488965	0.0142466	10	0.001
0	10	400	5e-06	0.4	3.8051e-05	0.0156818	0.00233248	0.0001	0.000488705	0.0142454	10	0.001
0	10	400	5e-06	0.4	3.98588e-05	0.0156805	0.00233236	0.0001	0.000488434	0.0142442	10	0.001
0	10	400	5e-06	0.4	4.17525e-05	0.015679	0.00233223	0.0001	0.000488149	0.0142429	10	0.001
0	10	400	5e-06	0.4	4.37361e-05	0.0156775	0.0023321	0.0001	0.000487851	0.0142415	10	0.001
0	10	400	5e-06	0.4	4.5814e-05	0.015676	0.00233196	0.0001	0.000487539	0.0142401	10	0.001
0	10	400	5e-06	0.4	4.79906e-05	0.0156743	0.00233181	0.0001	0.000487212	0.0142386	10	0.001
0	10	400	5e-06	0.4	5.02706e-05	0.0156726	0.00233166	0.0001	0.000486869	0.014237	10	0.001
0	10	400	5e-06	0.4	5.26589e-05	0.0156708	0.0023315	0.0001	0.000486511	0.0142354	10	0.001
0	10	400	5e-06	0.4	5.51607e-05	0.0156689	0.00233133	0.0001	0.000486135	0.0142337	10	0.001
0	10	400	5e-06	0.4	5.77814e-05	0.0156669	0.00233115	0.0001	0.000485742	0.0142319	10	0.001
0	10	400	5e-06	0.4	6.05266e-05	0.0156649	0.00233097	0.0001	0.00048533	0.01423	10	0.001
0	10	400	5e-06	0.4	6.34021e-05	0.0156627	0.00233077	0.0001	0.000484899	0.014228	10	0.001
0	10	400	5e-06	0.4	6.64143e-05	0.0156604	0.00233057	0.0001	0.000484447	0.0142259	10	0.001
0	10	400	5e-06	0.4	6.95696e-05	0.015658	0.00233036	0.0001	0.000483975	0.0142238	10	0.001
0	10	400	5e-06	0.4	7.28749e-05	0.0156555	0.00233014	0.0001	0.000483479	0.0142215	10	0.001
0	10	400	5e-06	0.4	7.63371e-05	0.0156529	0.0023299	0.0001	0.000482961	0.0142191	10	0.001
0	10	400	5e-06	0.4	7.99638e-05	0.0156501	0.00232966	0.0001	0.000482418	0.0142166	10	0.001
0	10	400	5e-06	0.4	8.37629e-05	0.0156472	0.0023294	0.0001	0.000481849	0.014214	10	0.001
0	10	400	5e-06	0.4	8.77424e-05	0.0156442	0.00232913	0.0001	0.000481254	0.0142112	10	0.001
0	10	400	5e-06	0.4	9.1911e-05	0.015641	0.00232885	0.0001	0.000480631	0.0142083	10	0.001
0	10	400	5e-06	0.4	9.62776e-05	0.0156377	0.00232855	0.0001	0.000479978	0.0142053	10	0.001
0	10	400	5e-06	0.4	0.000100852	0.0156342	0.00232824	0.0001	0.000479295	0.0142022	10	0.001
0	10	400	5e-06	0.4	0.000105643	0.0156306	0.00232791	0.0001	0.00047858	0.0141988	10	0.001
0	10	400	5e-06	0.4	0.000110662	0.0156267	0.00232757	0.0001	0.000477831	0.0141954	10	0.001
0	10	400	5e-06	0.4	0.00011592	0.0156227	0.00232721	0.0001	0.000477047	0.0141917	10	0.001
0	10	400	5e-06	0.4	0.000121427	0.0156185	0.00232683	0.0001	0.000476226	0.0141879	10	0.001
0	10	400	5e-06	0.4	0.000127196	0.0156141	0.00232644	0.0001	0.000475367	0.0141838	10	0.001
0	10	400	5e-06	0.4	0.000133239	0.0156094	0.00232602	0.0001	0.000474467	0.0141796	10	0.001
0	10	400	5e-06	0.4	0.000139569	0.0156046	0.00232559	0.0001	0.000473525	0.0141752	10	0.001
0	10	400	5e-06	0.4	0.0001462	0.0155995	0.00232513	0.0001	0.00047254	0.0141706	10	0.001
0	10	400	5e-06	0.4	0.000153146	0.0155941	0.00232465	0.0001	0.000471508	0.0141657	10	0.001
0	10	400	5e-06	0.4	0.000160422	0.0155885	0.00232415	0.0001	0.000470428	0.0141606	10	0.001
0	10	400	5e-06	0.4	0.000168043	0.0155826	0.00232362	0.0001	0.000469298	0.0141553	10	0.001
0	10	400	5e-06	0.4	0.000176027	0.0155764	0.00232307	0.0001	0.000468115	0.0141497	10	0.001
0	10	400	5e-06	0.4	0.00018439	0.0155699	0.00232249	0.0001	0.000466876	0.0141438	10	0.001
0	10	400	5e-06	0.4	0.00019315	0.0155631	0.00232188	0.0001	0.000465581	0.0141376	10	0.001
0	10	400	5e-06	0.4	0.000202326	0.015556	0.00232123	0.0001	0.000464225	0.0141311	10	0.001
0	10	400	5e-06	0.4	0.000211939	0.0155485	0.00232056	0.0001	0.000462806	0.0141243	10	0.001
0	10	400	5e-06	0.4	0.000222008	0.0155406	0.00231985	0.0001	0.000461322	0.0141171	10	0.001
0	10	400	5e-06	0.4	0.000232555	0.0155324	0.00231911	0.0001	0.000459768	0.0141096	10	0.001
0	10	400	5e-06	0.4	0.000243604	0.0155237	0.00231833	0.0001	0.000458143	0.0141018	10	0.001
0	10	400	5e-06	0.4	0.000255177	0.0155146	0.00231751	0.0001	0.000456443	0.0140935	10	0.001
0	10	400	5e-06	0.4	0.000267301	0.015505	0.00231665	0.0001	0.000454665	0.0140848	10	0.001
0	10	400	5e-06	0.4	0.00028	0.015495	0.00231574	0.0001	0.000452805	0.0140757	10	0.001


