(NADA).ET	(NNMT).ET	(NAMPT).ET	(NAMPT).Km	(NNMT).Km	Values[cell division rate]	[NAD]	(SIRT).Flux	(NAM import).v	[NAM]	[NMN]	(SIRT).ET	(NAD-consumption without Nam inhibition).ET
0	0	100	0.0001	0.4	1e-05	0.0511861	0.000266659	1e-05	0.902328	0.046437	10	10
0	0	100	0.0001	0.4	1e-05	0.0522667	0.000256649	1.04713e-05	0.947394	0.0474173	10	10
0	0	100	0.0001	0.4	1e-05	0.0533238	0.000246878	1.09648e-05	0.994727	0.0483763	10	10
0	0	100	0.0001	0.4	1e-05	0.0543562	0.000237355	1.14815e-05	1.04443	0.0493128	10	10
0	0	100	0.0001	0.4	1e-05	0.0553629	0.000228088	1.20226e-05	1.09662	0.050226	10	10
0	0	100	0.0001	0.4	1e-05	0.0563431	0.000219082	1.25893e-05	1.15141	0.0511153	10	10
0	0	100	0.0001	0.4	1e-05	0.0572963	0.000210341	1.31826e-05	1.20893	0.0519799	10	10
0	0	100	0.0001	0.4	1e-05	0.058222	0.000201868	1.38038e-05	1.26929	0.0528197	10	10
0	0	100	0.0001	0.4	1e-05	0.0591199	0.000193665	1.44544e-05	1.33263	0.0536342	10	10
0	0	100	0.0001	0.4	1e-05	0.0599899	0.00018573	1.51356e-05	1.39909	0.0544235	10	10
0	0	100	0.0001	0.4	1e-05	0.060832	0.000178062	1.58489e-05	1.46882	0.0551874	10	10
0	0	100	0.0001	0.4	1e-05	0.0616463	0.00017066	1.65959e-05	1.54196	0.055926	10	10
0	0	100	0.0001	0.4	1e-05	0.062433	0.000163521	1.7378e-05	1.61867	0.0566397	10	10
0	0	100	0.0001	0.4	1e-05	0.0631923	0.000156639	1.8197e-05	1.69912	0.0573285	10	10
0	0	100	0.0001	0.4	1e-05	0.0639247	0.000150012	1.90546e-05	1.78348	0.0579929	10	10
0	0	100	0.0001	0.4	1e-05	0.0646306	0.000143633	1.99526e-05	1.87194	0.0586333	10	10
0	0	100	0.0001	0.4	1e-05	0.0653106	0.000137497	2.0893e-05	1.96467	0.0592501	10	10
0	0	100	0.0001	0.4	1e-05	0.065965	0.000131599	2.18776e-05	2.06189	0.0598438	10	10
0	0	100	0.0001	0.4	1e-05	0.0665946	0.000125932	2.29087e-05	2.16379	0.0604149	10	10
0	0	100	0.0001	0.4	1e-05	0.0672	0.00012049	2.39883e-05	2.2706	0.0609641	10	10
0	0	100	0.0001	0.4	1e-05	0.0677818	0.000115266	2.51189e-05	2.38255	0.0614918	10	10
0	0	100	0.0001	0.4	1e-05	0.0683406	0.000110254	2.63027e-05	2.49986	0.0619988	10	10
0	0	100	0.0001	0.4	1e-05	0.0688772	0.000105446	2.75423e-05	2.6228	0.0624855	10	10
0	0	100	0.0001	0.4	1e-05	0.0693922	0.000100837	2.88403e-05	2.75162	0.0629527	10	10
0	0	100	0.0001	0.4	1e-05	0.0698863	9.64187e-05	3.01995e-05	2.8866	0.0634009	10	10
0	0	100	0.0001	0.4	1e-05	0.0703602	9.21851e-05	3.16228e-05	3.02802	0.0638309	10	10
0	0	100	0.0001	0.4	1e-05	0.0708146	8.81295e-05	3.31131e-05	3.17619	0.0642431	10	10
0	0	100	0.0001	0.4	1e-05	0.0712501	8.42454e-05	3.46737e-05	3.33141	0.0646382	10	10
0	0	100	0.0001	0.4	1e-05	0.0716675	8.05264e-05	3.63078e-05	3.49403	0.0650168	10	10
0	0	100	0.0001	0.4	1e-05	0.0720674	7.69662e-05	3.80189e-05	3.66438	0.0653796	10	10
0	0	100	0.0001	0.4	1e-05	0.0724505	7.35587e-05	3.98107e-05	3.84282	0.0657271	10	10
0	0	100	0.0001	0.4	1e-05	0.0728173	7.02979e-05	4.16869e-05	4.02975	0.0660598	10	10
0	0	100	0.0001	0.4	1e-05	0.0731685	6.71781e-05	4.36516e-05	4.22554	0.0663784	10	10
0	0	100	0.0001	0.4	1e-05	0.0735047	6.41935e-05	4.57088e-05	4.43062	0.0666834	10	10
0	0	100	0.0001	0.4	1e-05	0.0738265	6.13386e-05	4.7863e-05	4.64543	0.0669753	10	10
0	0	100	0.0001	0.4	1e-05	0.0741344	5.86083e-05	5.01187e-05	4.87041	0.0672547	10	10
0	0	100	0.0001	0.4	1e-05	0.0744291	5.59973e-05	5.24807e-05	5.10605	0.067522	10	10
0	0	100	0.0001	0.4	1e-05	0.074711	5.35008e-05	5.49541e-05	5.35285	0.0677777	10	10
0	0	100	0.0001	0.4	1e-05	0.0749807	5.11138e-05	5.7544e-05	5.61132	0.0680223	10	10
0	0	100	0.0001	0.4	1e-05	0.0752386	4.88319e-05	6.0256e-05	5.88203	0.0682563	10	10
0	0	100	0.0001	0.4	1e-05	0.0754853	4.66505e-05	6.30957e-05	6.16554	0.0684801	10	10
0	0	100	0.0001	0.4	1e-05	0.0757212	4.45655e-05	6.60693e-05	6.46245	0.0686941	10	10
0	0	100	0.0001	0.4	1e-05	0.0759468	4.25726e-05	6.91831e-05	6.77339	0.0688988	10	10
0	0	100	0.0001	0.4	1e-05	0.0761625	4.06679e-05	7.24436e-05	7.09903	0.0690944	10	10
0	0	100	0.0001	0.4	1e-05	0.0763687	3.88477e-05	7.58578e-05	7.44005	0.0692815	10	10
0	0	100	0.0001	0.4	1e-05	0.0765658	3.71083e-05	7.94328e-05	7.79718	0.0694603	10	10
0	0	100	0.0001	0.4	1e-05	0.0767543	3.54461e-05	8.31764e-05	8.17118	0.0696313	10	10
0	0	100	0.0001	0.4	1e-05	0.0769344	3.38579e-05	8.70964e-05	8.56283	0.0697947	10	10
0	0	100	0.0001	0.4	1e-05	0.0771066	3.23403e-05	9.12011e-05	8.97298	0.0699509	10	10
0	0	100	0.0001	0.4	1e-05	0.0772711	3.08904e-05	9.54993e-05	9.40248	0.0701002	10	10
0	0	100	0.0001	0.4	1e-05	0.0774284	2.95051e-05	0.0001	9.85225	0.0702428	10	10
0	0	100	0.0001	0.4	1e-05	0.0775787	2.81815e-05	0.000104713	10.3233	0.0703792	10	10
0	0	100	0.0001	0.4	1e-05	0.0777224	2.69171e-05	0.000109648	10.8165	0.0705095	10	10
0	0	100	0.0001	0.4	1e-05	0.0778596	2.57092e-05	0.000114815	11.333	0.070634	10	10
0	0	100	0.0001	0.4	1e-05	0.0779908	2.45552e-05	0.000120226	11.8738	0.070753	10	10
0	0	100	0.0001	0.4	1e-05	0.0781161	2.34528e-05	0.000125893	12.4402	0.0708667	10	10
0	0	100	0.0001	0.4	1e-05	0.0782358	2.23998e-05	0.000131826	13.0333	0.0709753	10	10
0	0	100	0.0001	0.4	1e-05	0.0783502	2.13938e-05	0.000138038	13.6543	0.0710791	10	10
0	0	100	0.0001	0.4	1e-05	0.0784596	2.04329e-05	0.000144544	14.3047	0.0711782	10	10
0	0	100	0.0001	0.4	1e-05	0.078564	1.95151e-05	0.000151356	14.9857	0.071273	10	10
0	0	100	0.0001	0.4	1e-05	0.0786638	1.86383e-05	0.000158489	15.6988	0.0713635	10	10
0	0	100	0.0001	0.4	1e-05	0.0787591	1.78009e-05	0.000165959	16.4456	0.07145	10	10
0	0	100	0.0001	0.4	1e-05	0.0788502	1.7001e-05	0.00017378	17.2275	0.0715326	10	10
0	0	100	0.0001	0.4	1e-05	0.0789372	1.6237e-05	0.00018197	18.0464	0.0716115	10	10
0	0	100	0.0001	0.4	1e-05	0.0790203	1.55072e-05	0.000190546	18.9038	0.0716869	10	10
0	0	100	0.0001	0.4	1e-05	0.0790997	1.48102e-05	0.000199526	19.8017	0.0717589	10	10
0	0	100	0.0001	0.4	1e-05	0.0791755	1.41444e-05	0.00020893	20.7419	0.0718277	10	10
0	0	100	0.0001	0.4	1e-05	0.079248	1.35086e-05	0.000218776	21.7264	0.0718935	10	10
0	0	100	0.0001	0.4	1e-05	0.0793172	1.29012e-05	0.000229087	22.7573	0.0719562	10	10
0	0	100	0.0001	0.4	1e-05	0.0793833	1.23212e-05	0.000239883	23.8369	0.0720162	10	10
0	0	100	0.0001	0.4	1e-05	0.0794464	1.17672e-05	0.000251189	24.9673	0.0720735	10	10
0	0	100	0.0001	0.4	1e-05	0.0795068	1.1238e-05	0.000263027	26.151	0.0721282	10	10
0	0	100	0.0001	0.4	1e-05	0.0795644	1.07327e-05	0.000275423	27.3905	0.0721805	10	10
0	0	100	0.0001	0.4	1e-05	0.0796194	1.025e-05	0.000288403	28.6884	0.0722304	10	10
0	0	100	0.0001	0.4	1e-05	0.079672	9.78903e-06	0.000301995	30.0475	0.0722781	10	10
0	0	100	0.0001	0.4	1e-05	0.0797222	9.34876e-06	0.000316228	31.4707	0.0723236	10	10
0	0	100	0.0001	0.4	1e-05	0.0797702	8.92828e-06	0.000331131	32.9609	0.0723671	10	10
0	0	100	0.0001	0.4	1e-05	0.079816	8.5267e-06	0.000346737	34.5214	0.0724087	10	10
0	0	100	0.0001	0.4	1e-05	0.0798597	8.14316e-06	0.000363078	36.1554	0.0724484	10	10
0	0	100	0.0001	0.4	1e-05	0.0799015	7.77687e-06	0.000380189	37.8665	0.0724863	10	10
0	0	100	0.0001	0.4	1e-05	0.0799414	7.42704e-06	0.000398107	39.6582	0.0725225	10	10
0	0	100	0.0001	0.4	1e-05	0.0799795	7.09293e-06	0.000416869	41.5343	0.0725571	10	10
0	0	100	0.0001	0.4	1e-05	0.080016	6.77385e-06	0.000436516	43.4989	0.0725901	10	10
0	0	100	0.0001	0.4	1e-05	0.0800507	6.46912e-06	0.000457088	45.5561	0.0726217	10	10
0	0	100	0.0001	0.4	1e-05	0.0800839	6.17808e-06	0.00047863	47.7102	0.0726518	10	10
0	0	100	0.0001	0.4	1e-05	0.0801157	5.90013e-06	0.000501187	49.9659	0.0726806	10	10
0	0	100	0.0001	0.4	1e-05	0.080146	5.63469e-06	0.000524807	52.3278	0.0727081	10	10
0	0	100	0.0001	0.4	1e-05	0.0801749	5.38118e-06	0.000549541	54.8011	0.0727343	10	10
0	0	100	0.0001	0.4	1e-05	0.0802025	5.13907e-06	0.00057544	57.391	0.0727594	10	10
0	0	100	0.0001	0.4	1e-05	0.0802289	4.90785e-06	0.00060256	60.1029	0.0727833	10	10
0	0	100	0.0001	0.4	1e-05	0.0802542	4.68702e-06	0.000630957	62.9426	0.0728062	10	10
0	0	100	0.0001	0.4	1e-05	0.0802782	4.47613e-06	0.000660693	65.9162	0.0728281	10	10
0	0	100	0.0001	0.4	1e-05	0.0803012	4.27473e-06	0.000691831	69.0299	0.0728489	10	10
0	0	100	0.0001	0.4	1e-05	0.0803232	4.08239e-06	0.000724436	72.2903	0.0728688	10	10
0	0	100	0.0001	0.4	1e-05	0.0803442	3.8987e-06	0.000758578	75.7044	0.0728879	10	10
0	0	100	0.0001	0.4	1e-05	0.0803642	3.72327e-06	0.000794328	79.2795	0.072906	10	10
0	0	100	0.0001	0.4	1e-05	0.0803833	3.55573e-06	0.000831764	83.023	0.0729234	10	10
0	0	100	0.0001	0.4	1e-05	0.0804016	3.39573e-06	0.000870964	86.9429	0.07294	10	10
0	0	100	0.0001	0.4	1e-05	0.0804191	3.24293e-06	0.000912011	91.0476	0.0729558	10	10
0	0	100	0.0001	0.4	1e-05	0.0804357	3.097e-06	0.000954993	95.3458	0.0729709	10	10
0	0	100	0.0001	0.4	1e-05	0.0804516	2.95764e-06	0.001	99.8465	0.0729854	10	10